0 0.3257051945232431 0.07214215639131248 0.20765822148152763
1 0.2055511715319234 0.2751931438729709 0.30858524443134094
2 0.2424141183745701 0.10876822343244653 0.13538420382790103
3 0.45270199604528394 0.5384147406066071 0.3792031084052946
4 0.32012156151859616 0.237389958250187 0.2323784151434582
5 0.1281553787697353 0.2051125136114821 0.30812157604168794
6 0.4813677050316886 0.435678493631405 0.4566616765717645
7 0.3894366295789927 0.44347032598215697 0.35418028200952445
8 0.537087843565215 0.5633073941260711 0.5606168782272551
9 0.30560005257969364 0.16586070268752165 0.17368375574452638
10 0.46097843776421565 0.4701589665671134 0.44174303201409115
11 0.276586225624264 0.3921979792397923 0.42428674243008735
12 0.08235380811029884 0.08406034607679694 0.09019424293023694
13 0.1493291449528963 0.18330364238919472 0.23227946121412985
14 0.3297288616095722 0.4607063867744571 0.5499132271655582
15 0.5016360770133106 0.5088215863009691 0.5207926046619272
16 0.056594298838552395 0.08776853988820513 0.1050798802770684
17 0.2894045007937479 0.16383582683331727 0.17013615370655594
18 0.37660052617231043 0.35080975347759075 0.34468882420751445
19 0.4226469212198033 0.418579918438802 0.42030267012185607
20 0.3977415886549419 0.480124884646567 0.5812418399883191
21 0.3349555093350635 0.2802576196010083 0.32355367236111854
22 0.4660958296005391 0.3517773087551468 0.3335691462469714
23 0.29865913189293436 0.33238889462565335 0.24609324618407083
24 0.7405560770905121 0.7588007971428926 0.7687734739308906
25 0.5705034150227727 0.5938181925574971 0.6077142549066734
26 0.4471813400751428 0.46755665103953964 0.45102545990732174
27 0.38791707353974525 0.3937636499607032 0.45001861150313605
28 0.43062433482183626 0.4287205703423731 0.4544299124624538
29 0.29661425158595783 0.38409000070101984 0.4274585457288732
30 0.16639506500037113 0.16667484877462707 0.1682560879048836
31 0.3373803412280011 0.39239408198497083 0.4615245416306166
32 0.5354672953044004 0.4230419792860937 0.432827572342902
33 0.5410545135264062 0.5554558217691751 0.5480866193604766
34 0.36786860251986847 0.3701932442754712 0.40202203498372857
35 0.5027183169652193 0.439365244069492 0.43227744925417605
36 0.40856905839241786 0.4134651131907633 0.4138111844807954
37 0.43048307275823977 0.4196926537781313 0.3989786942875427
38 0.2880468787055938 0.2818370159234617 0.28058421000045836
39 0.41688473032555895 0.3370278882312375 0.29134291062094125
40 0.6021544043128311 0.5668300412647348 0.5601056532614768
41 0.5355266330069647 0.5169512888716817 0.4987227255768507
42 0.642258519993142 0.611593462539953 0.5146837330388653
43 0.3379753019066917 0.33192771258413967 0.14435811454127664
44 0.2996237982632664 0.3376387649570403 0.3566472331124016
45 0.27164643763087476 0.27314865863458676 0.2865469572138714
46 0.7194925999723087 0.7131553428217176 0.7636315343082427
47 0.5464305182316629 0.5939636065145539 0.6260139583567638
48 0.436845931077994 0.438526480736646 0.42945165853035566
49 0.3888814518316189 0.4037453166576827 0.42128084413952743
50 0.743311425675643 0.15913342009202563 0.14390877858624324
51 0.3676777106670953 0.3486720768395915 0.2028709414987826
52 0.5092587740958627 0.5229388570320842 0.5550075308582806
53 0.25614060693784113 0.25779688026755476 0.2398466936600435
54 0.145007023010976 0.14937510893418848 0.16323239260786024
55 0.4214297989618486 0.46328101872202804 0.4485579766345246
57 0.572500769720915 0.5554444516974287 0.5665240551089152
58 0.48205380852861246 0.43571329753650934 0.47592251069954056
59 0.4946240308190524 0.5002889256667208 0.4898052653449967
60 0.4402058292404965 0.34383227221028595 0.3119545321295734
61 0.39678481519509307 0.4245657587919931 0.34352965856838596
62 0.33562706107335516 0.36099605272558477 0.36348004306476644
63 0.5639041150892399 0.5323915465166223 0.5134622592564563
64 0.4874450165653131 0.41047371214811695 0.41078166833325064
65 0.3780595024600874 0.37298700553441494 0.3922698809579033
66 0.15555705797165792 0.3173306870847358 0.4318632993760353
67 0.30504059044856763 0.31282100553462167 0.33102587040872644
68 0.5170086345915786 0.5234589922505251 0.4859166048517558
69 0.33012161434472226 0.27272783172541376 0.1755800748871311
70 0.3423209055566287 0.3313110193956954 0.3148432577958796
71 0.5153345142212657 0.5251536506772674 0.5660296979089394
72 0.4809965466903387 0.4675348161315643 0.47221311492395
73 0.45752336787115594 0.38841721857484385 0.3388188471022967
74 0.14531952301009715 0.13651217561104634 0.134103074103484
75 0.24649688628426017 0.5681035699054087 0.35281200901409954
76 0.5045426443933861 0.5220362792366984 0.5237045913206547
77 0.3114023052480612 0.3066204973128466 0.30339480934333374
78 0.14769012897757106 0.08480525194378392 0.08388067691035087
79 0.370483976199421 0.41986582106623765 0.31933229679346653
80 0.4708128065321328 0.49274985749879097 0.5216560926471586
81 0.3599841476463832 0.3724255675469748 0.3517617881990984
82 0.43525846396164836 0.45218547719380114 0.45588812996433614
83 0.056565694033624235 0.14915769220968894 0.2318280990233184
84 0.47807984749219967 0.5133283099584397 0.5383715782500667
85 0.730209780007511 0.5048074241101035 0.2117724333627929
86 0.3357107655960821 0.2882405012280543 0.2646696752650641
87 0.5843147779297616 0.4420647401166785 0.44507196244829716
88 0.3281027142100427 0.2994212776173582 0.3243707771580062
89 0.7126863590363609 0.714449921478064 0.7135424728294177
90 0.2706109997668493 0.35327263404481757 0.3260343690881265
91 0.4770107407719058 0.413379099657006 0.3493975788890827
92 0.6495059028793155 0.6346719493685822 0.5843845852596073
93 0.5211544725461145 0.41353765537145054 0.4113986495772192
94 0.32535411556391647 0.2739792386550881 0.28284118433786976
95 0.3188727935501245 0.3172618955547965 0.3158659022426849
96 0.5549498148891062 0.5559475172472977 0.5589767588909045
97 0.4854444882169784 0.2893713708867794 0.28375360365851726
98 0.6050125933392985 0.5136547865339601 0.47399116426423066
99 0.4886640860309763 0.471477620429633 0.46128516701267774
100 0.5335157039768699 0.4998794502535628 0.48593046751533825
101 0.5459340361706189 0.5264086538675578 0.5792565409475937
102 0.3392995209284612 0.30331992856640344 0.28418470661167033
103 0.563139090764472 0.6023205500414951 0.6458946833897554
104 0.28979390442438596 0.2927297378290357 0.3056291255127493
105 0.36525429234046425 0.3905361113679105 0.35947079073158283
106 0.5438955165050825 0.5477300410575371 0.5537111683706512
107 0.5508517871847619 0.4353509396989408 0.4812708463750076
108 0.5350370110565058 0.46528802720947 0.4941574538803885
109 0.4918978975141285 0.4879375572325403 0.38852272658337217
110 0.14722137995056692 0.10313465310844347 0.10687774135774104
111 0.3988787224100876 0.3462302246314241 0.33985245768436
112 0.3860967610222036 0.38644313666949553 0.4200975799848422
113 0.44023882222451244 0.4530454781036042 0.3229569645662751
114 0.4865887763883381 0.4296435522514845 0.4152224997291782
115 0.37306096559112994 0.3584791979090652 0.3344296889333849
116 0.37605156428603304 0.4890132302099654 0.5332605066917842
117 0.8605767746818689 0.8532884142998273 0.8288170600333176
118 0.5611039803504131 0.4975132628579563 0.5084521487191533
119 0.3642829685783641 0.36620729634261473 0.3774842563932652
120 0.5786583351226593 0.5455851461052142 0.5045878523020764
121 0.19394768525420575 0.21245798817989373 0.23214935108370868
122 0.9231386843007546 0.8912894235086954 0.8912576402325467
123 0.5411087302990791 0.7093325828565772 0.6924368372431486
124 0.47454087618686486 0.507564716296346 0.49355924059506157
125 0.3617445621425415 0.3947655553013138 0.4098472112919773
126 0.48423939896303997 0.35890819537102114 0.3014168307363672
127 0.4773741703216799 0.5044747120532143 0.5646872937859806
128 0.3845901642142834 0.4478387911820267 0.48464069546876837
129 0.35658535253387347 0.10926481584604608 0.6060123566780494
130 0.7167453839076385 0.6983077210393474 0.7056034074003231
132 0.44077722064723923 0.43637433154070215 0.3456784859420918
133 0.4374699188664106 0.3950983220800709 0.2903432467473029
134 0.3970901402549487 0.3894071659345842 0.41822813408999876
135 0.2727334013372802 0.41260669898972285 0.3688172090528869
136 0.3488800333680516 0.2842417752167756 0.303107560999154
137 0.2552981673122089 0.24216625882405476 0.2138206424475729
138 0.2918665030845244 0.3041727761650253 0.2946262455109986
139 0.5050031569670287 0.5322127046009423 0.5528098680935343
140 0.6178024528434662 0.6291944992285378 0.6565411239659816
141 0.6527414293022671 0.4962050012731239 0.3506779060693354
142 0.4956593345364136 0.4502394398179555 0.44806604150210244
143 0.48992586652869513 0.7716713771221809 0.3967638159188065
144 0.44514715216559464 0.43108337439937217 0.3930888976903328
145 0.35512347116885645 0.3330885892966932 0.16068389654967544
146 0.6059330232481371 0.6088166713882565 0.5980517815882052
147 0.7634766867177375 0.7271114341787436 0.7426643713899193
148 0.586882095432014 0.5116653029723655 0.489503965328033
149 0.570308744331653 0.5311469478277617 0.5016830856204274
150 0.4163591011602277 0.3862818419843527 0.3733226847266235
151 0.4681739006267117 0.4687065769559085 0.4843373497152963
152 0.479994235139621 0.49873412546706986 0.5249340725105585
153 0.4326839704688434 0.4176639254920286 0.4084682933511001
154 0.48045228150198865 0.5097220270977018 0.5768072055255028
155 0.7168917376144311 0.6295030096131268 0.4561106284230522
156 0.31189719352728074 0.35425310109077557 0.3748100323637636
157 0.4329678795521502 0.7384489660839169 0.6874134673556035
158 0.3770514833366717 0.28300385374900716 0.21779255339771458
159 0.42414608769964735 0.38718504338381654 0.28714602118111215
160 0.6280870105888684 0.5758528624589287 0.5421035119075067
161 0.8344696844108045 0.8344696844108045 0.8344696844108045
162 0.9295818184340049 0.9346192967678422 0.9356414926859643
163 0.4126407200224998 0.41932022721601325 0.3681854283487155
164 0.28456338364880535 0.2944753052809586 0.30823990528894607
165 0.3917303347504077 0.34879373414617343 0.33976262224766735
166 0.8284416523524301 0.712837510819763 0.46712818031458475
167 0.4583840230533965 0.4896010684774425 0.5277734314556277
168 0.46424099367047245 0.4547952955718959 0.45120209696066926
169 0.3875324374379481 0.3771507213713182 0.4158838731523575
170 0.4974465419967292 0.5075896371313376 0.5010575494309012
171 0.7118555398826248 0.7102521884188285 0.7153472156343021
172 0.4462314748265511 0.38818027188876386 0.3897898514753817
173 0.7049371348528967 0.6271096183228206 0.5750731650129643
174 0.26837753724677293 0.40314684817904756 0.466332829221977
175 0.40064598849948924 0.3812999473613532 0.34579225551335957
176 0.41976536757673605 0.42741209940813135 0.4126428174752218
177 0.4931374599902172 0.5206998310883177 0.5582416134841068
178 0.8241278009100287 0.8117640962373543 0.7922648500169748
179 0.3264284943200771 0.30295160572868723 0.25704103167190506
180 0.5990617863223537 0.5059692358773814 0.4032960306153435
181 0.15492983645391603 0.06925407466688097 0.08260287812286551
182 0.42990726313914407 0.42990726313914407 0.42990726313914407
183 0.4697115726270946 0.48845442730990424 0.4994696043984989
184 0.7216649457677298 0.612833436806884 0.616844166804293
185 0.5331396104762127 0.5618643579799362 0.6201581665590667
186 0.42843325940685945 0.17964863189950722 0.22008608633144183
187 0.3754208753648211 0.3591314778551151 0.3563296693887828
188 0.28840746526507055 0.26178824733805695 0.2694864718137577
189 0.45545374576528386 0.43300485013904616 0.39827825870086564
190 0.3935705294851319 0.36697403845065835 0.4291019691106937
191 0.4373123153777964 0.4050340063089793 0.4052992515426355
192 0.4887686026104317 0.42456500571147543 0.41428012658815383
193 0.7524703900081452 0.798063914454441 0.7405580536906874
194 0.47084249378760507 0.46570688069448807 0.45197925081899976
195 0.3917943080296997 0.4554715961931328 0.4439196140068196
196 0.3612674220473246 0.3230947440277068 0.2921715531077841
197 0.5240909984929297 0.5328005379593276 0.5673496066055707
198 0.5287541729125669 0.4660518218438328 0.36119259977311563
199 0.5297413301120685 0.4728037695439955 0.4550762962316396
200 0.4444838340534557 0.4898809253719024 0.5042048774509593
201 0.3405494252817222 0.2963335141237204 0.21206375405553302
202 0.39867451635222956 0.31919611091238487 0.39753127023654455
203 0.16144143128721988 0.10961068738976171 0.05456058084431203
204 0.4537706305807821 0.4677102685075553 0.43630652491515226
205 0.52272539737087 0.5024640804418152 0.34084905308068436
206 0.9693575670330479 0.9749102805494382 0.9754327909044797
207 0.8074074541207135 0.8104832046997581 0.7927175921910127
208 0.4531707886353329 0.5233227236032764 0.5498894953222945
209 0.5642122070599868 0.5347243089306478 0.5067754215002586
210 0.41066577943744353 0.436396176915516 0.4527242399819285
211 0.6199513620494875 0.5089676874559281 0.4611083554115408
212 0.541826213634537 0.44634615471616124 0.404925810171979
213 0.39308961580770385 0.41106947844681613 0.42957373757928285
214 0.4671049409742166 0.4555848738490992 0.4304318917720472
215 0.45556833278687825 0.3948673570825877 0.44713996892126767
216 0.6078643286263057 0.5507746418586974 0.5098809528001488
217 0.4966314666522282 0.48886911375795317 0.4411060984315112
218 0.4731917840453845 0.478731027866119 0.4353167698246492
219 0.8571082475162866 0.8585915288274106 0.8596036349094365
220 0.2689971675651447 0.2970731361033613 0.30300141623961035
221 0.6464863099080398 0.6254947366863419 0.6301137322185308
222 0.6630294353242857 0.3852439987967009 0.4013544080676139
223 0.5628079882920459 0.5671292756943659 0.668777277172582
224 0.7130185078678594 0.7064728764711845 0.6819035492973707
225 0.297607037409733 0.3189503638320292 0.402556176233333
226 0.520048431507836 0.35834970596702165 0.6038407596663337
227 0.47606637386588824 0.5221529591009458 0.5590757396610953
228 0.32555118233481256 0.27407069851263294 0.30099200630277834
229 0.6976396405968 0.79984231240315 0.8566444900619284
230 0.43800198898866194 0.4543631668283842 0.4695409128594256
231 0.3862956521608835 0.4195283523446151 0.42709971281277054
232 0.5834027236873297 0.5191988289348416 0.4307887774062346
233 0.7805776058514926 0.7685701581357757 0.7673768714366337
234 0.5422831043656887 0.5422831043656887 0.5422831043656887
235 0.368913086222427 0.38956348616251807 0.36996060254860286
236 0.4593817642510731 0.44952622415842486 0.43620032775200285
237 0.2655558696607061 0.21434220304960802 0.203922248909599
238 0.06353607983429353 0.060277611456347524 0.05531468139641637
239 0.8147520264587276 0.8038506388413182 0.7937082103479582
240 0.4178751021245252 0.4140010496942826 0.4141490059096332
241 0.3401988850608334 0.4589905585739216 0.5960557502497799
242 0.5320922486164319 0.47340201440790064 0.5175389835165577
243 0.6070385382558868 0.47927868940107243 0.47094939041071227
244 0.44804518332953364 0.42919135618531407 0.43156370055395976
245 0.5181238812205387 0.5604286204009072 0.40849592984722033
246 0.4636222074568852 0.491036181191942 0.49878288128223774
247 0.9378642189619291 0.9437523508675504 0.9445225502481069
248 0.44039592211646783 0.44148936679115247 0.43087390589895325
249 0.5511219131224546 0.31457417997385545 0.24353015449381285
251 0.79219401437897 0.7913910486759828 0.8134985731564607
252 0.5918153484145751 0.5523058194805789 0.5245927691495389
253 0.27659249028919286 0.36668985935462106 0.4309298227554937
254 0.8551110830678915 0.8478890568918005 0.8442484360213081
255 0.5579636759808894 0.5815978330784006 0.5917507079297675
256 0.1705833141984173 0.15959727638871438 0.13016240515431024
257 0.5512373850608356 0.5603759222853446 0.564562041011487
258 0.5047438864569098 0.5321664341399237 0.5352447916347002
259 0.4623062172352123 0.4640049917572954 0.4631812989955458
260 0.3734264256329243 0.368494659876204 0.31531522252825905
261 0.6492468126502111 0.6321378806592839 0.5388640522950785
262 0.2793774857817705 0.31378205720119456 0.1545646058910019
263 0.5627186445821206 0.5621801565718139 0.5662229842980101
264 0.6963760297510033 0.7163643854904342 0.706383235053849
265 0.42246446776082375 0.41163960685078027 0.42127881414000706
266 0.4878604917870356 0.4268306730207298 0.34708966260967533
267 0.4892141789502057 0.638751966993013 0.650492700055826
268 0.32369189647904884 0.33610255949867274 0.35612508950492194
269 0.4875082246114046 0.4763052933192465 0.47844366855943415
270 0.4769776608194742 0.5021638553813885 0.5124955751899526
271 0.6674935295494515 0.5239659507620013 0.45196559705347555
272 0.25032700580329187 0.2931509618909991 0.319433044648474
273 0.350038600959388 0.4008523423063469 0.44487852371387726
274 0.2963274344348614 0.3093891366109973 0.3128175049843918
275 0.3593218889375891 0.3485229361468546 0.3383882730019915
276 0.9638869593592658 0.9692646450866232 0.9697406997753448
277 0.505898260701597 0.41423636963572585 0.4303469152766892
278 0.5103799812582104 0.4242049386133874 0.4886168221892953
279 0.3260323684863044 0.32089071698734295 0.3409858855888882
280 0.8332222306935657 0.7127131789004654 0.7184304025599845
281 0.3979420430034727 0.34538164943810895 0.3471032034514782
282 0.42786429183534735 0.4658867767128899 0.5055978552064121
283 0.3365952054421287 0.32856082433522266 0.4071271191329049
284 0.39323089077576623 0.4071561646128674 0.42856993431241147
285 0.49565636437400074 0.4554871259847242 0.46116346599732144
287 0.7366778221990212 0.6822577002396397 0.6667637520688102
288 0.5519468569574923 0.5324457588683542 0.526507753637581
289 0.37948036362206644 0.4094852535602195 0.42822301156104003
290 0.9206237148077824 0.9348742126145997 0.9353522333979519
291 0.3835646448702113 0.3742509038231895 0.3714259477769747
292 0.49055779647199066 0.42895219585357236 0.45767465960260106
293 0.5542060046992687 0.6029001536666148 0.5553517644842362
294 0.4949298449261841 0.4854461003156511 0.42886416558605495
295 0.6863932980780721 0.6876183057767223 0.7181289201720743
297 0.2863790246465149 0.3973361963662699 0.2259399050950509
298 0.3285081122949915 0.33752325144890744 0.3481924748686683
299 0.47863036467186404 0.49957618314843266 0.4375852024855794
300 0.2524727720792302 0.27758763208257653 0.26481113523322675
301 0.5461898933030571 0.7642834369014548 0.8817638941008021
302 0.7651658461339452 0.71154211231301 0.6513337464243177
303 0.47756840874376544 0.4876672401811129 0.5162103583113624
304 0.4416374082372421 0.3661153197150988 0.2227487647415776
305 0.27469005633927884 0.27608393888920546 0.31212768095226173
306 0.7859788387002425 0.7420812619890841 0.7602837043267545
307 0.4314691535115978 0.450493093531438 0.4494268223210761
308 0.42152698536558486 0.4164302396103351 0.40871176304319445
309 0.4074049560730539 0.3949973993213817 0.4170407008710674
310 0.42126874832870964 0.4540518524823806 0.4941504971941199
311 0.7713941616175665 0.7546356280932254 0.7495646800203051
312 0.5314490459094731 0.5430275170961566 0.5412174752677176
313 0.14095368340356418 0.15123728846183737 0.17004632137385212
314 0.9635999403376977 0.968971284725009 0.9694619495548266
315 0.38833243206912155 0.45175013839715367 0.4760847472060459
316 0.9126708146469751 0.9126708146469751 0.9126708146469751
318 0.2623640022254189 0.2989692412375033 0.33415055838659896
319 0.6947363270108912 0.6311843840198207 0.5597610244813733
320 0.5177331719954411 0.5236866501893082 0.45765589879813495
321 0.4319407090209524 0.4250159039489126 0.4467357452276201
322 0.5139928747455716 0.4907048988531596 0.502924726527911
323 0.9044048559831905 0.9039371610084931 0.904176042099122
324 0.6494373639544153 0.639279845712206 0.541865605172507
325 0.529902615640777 0.4518165689159403 0.45711147755788
326 0.5023923684017839 0.47665196212480854 0.4670893834109893
327 0.7514763788057797 0.7523478400267652 0.7563605232924872
328 0.3663661220569035 0.36650604095805456 0.36643906758198647
329 0.4567048708777232 0.44776895411491446 0.4211291975170813
330 0.8660303442447619 0.8320916617997265 0.6928060681309758
331 0.4448331661464181 0.4411663078631212 0.4390330471504103
332 0.5639708234688461 0.5657490949830549 0.5739533993046435
333 0.25764638618911556 0.25690080820391714 0.2689144889678954
334 0.20145996945544684 0.21541917705297509 0.2619434246117607
335 0.4596079709278615 0.464154267926618 0.4579726882974932
336 0.8821870696847092 0.8947778903843137 0.8673728297742354
337 0.8803746921843216 0.8470200173792648 0.8475217458722768
338 0.4198232447724011 0.3896992925027391 0.38294714773792277
339 0.5378033824285999 0.4915811334791476 0.4778229185630736
340 0.4606852143627753 0.5142912305581397 0.469980088133193
341 0.42346438661356417 0.4616548297763317 0.44329061193419816
342 0.2742034670550478 0.25907539683965153 0.2915212922007202
343 0.2916926636248994 0.3111636758211963 0.3578907844999615
344 0.8610229218003024 0.7894723655627687 0.805763016977733
345 0.4705392711389419 0.23976610798668863 0.2874657960712761
346 0.40720320506687385 0.4275609049280441 0.3621507343693525
347 0.3857498664762864 0.3989414690265881 0.4390908433740744
348 0.5608978739332342 0.5608978739332342 0.5608978739332342
349 0.8399597288574933 0.8304756342618627 0.7913360048835663
350 0.3644128500107932 0.4060049541806849 0.3977580528767946
351 0.3900498939621703 0.4305609832978456 0.44929742950338003
352 0.9116236132946047 0.9069907463498257 0.9021233393322233
353 0.4470520932922389 0.428565913494547 0.3749585423096465
354 0.5252701737890624 0.5343830365486407 0.5624009975800079
355 0.4810694295000854 0.4810694295000854 0.4810694295000854
356 0.2648326548776709 0.27018291757524066 0.2455014831186807
357 0.9638474310295363 0.9692399216285568 0.9697210374887834
358 0.8061557770564579 0.8028047483066174 0.7827551105237147
359 0.4132453338409444 0.3616871629439993 0.35057193419715427
361 0.6629840606109872 0.65824391909721 0.653682062857977
362 0.6534868154737609 0.572066816500467 0.5146957012909057
363 0.6010948194600567 0.6021607583772544 0.5816361952676082
364 0.26903049618800967 0.41622269318363625 0.38164075767023864
365 0.3499563550464125 0.36791331664987514 0.4961847895737224
366 0.4059285412951713 0.4496002058821275 0.44961339603100264
367 0.3436255897399455 0.3511082542724597 0.41285506777963793
368 0.3215428691172467 0.3631487717432353 0.3504569733065773
369 0.7259195061015323 0.8191903506597149 0.796272149553294
370 0.44432351937243286 0.4709959434885424 0.5148200180630469
371 0.18204037532421977 0.07844220573833482 0.09188392740569697
372 0.32988574901392104 0.3408922858559479 0.45665320132597476
373 0.7335989570489599 0.7047241951935074 0.6204936414471042
374 0.6117602218398392 0.6288130052156208 0.6376600686425157
375 0.48796681732149777 0.4922321363655188 0.4939409589371509
376 0.5525278180928512 0.5480844608923925 0.5503995022710509
377 0.9347697768157082 0.9299401883255847 0.8965182346272256
378 0.6634583463650817 0.6647543921139557 0.6650137224099625
379 0.9077756968466139 0.8741025525788282 0.8692259582479319
380 0.421886231355119 0.35949260217479945 0.30623989173180843
381 0.2679694593569633 0.38442099972615945 0.45031971231998763
382 0.41072514863884835 0.18840290781775265 0.22332349613255692
383 0.31992214319289974 0.306405454112579 0.29408876565818987
384 0.1931452420238716 0.2006976346127606 0.17498433539458344
385 0.1448526261975465 0.18385496396675977 0.13504793686568736
386 0.6721539022055774 0.7431395029189212 0.7822983263822125
387 0.47249094840929445 0.48050784921806494 0.4471291113555733
388 0.42007415731706654 0.23151956604539045 0.36563299603978916
389 0.7500470090512522 0.6962670693427937 0.691870323444545
390 0.8536525655098542 0.7187460032403201 0.7068698726507874
391 0.30683298089856187 0.33756712265136235 0.37479188237128036
392 0.41825874768546784 0.4198274569249673 0.41776879658648974
393 0.7557527436727461 0.7558970181175604 0.7611025676803137
394 0.5124566529419122 0.4428119245695237 0.34868893642517673
395 0.5674714959250694 0.5599539351884483 0.5546781460745847
396 0.4880081194187685 0.4915857697267018 0.472096975404193
397 0.4569178273944695 0.3557732991182523 0.2956828000496786
398 0.9091758369617481 0.7105333193484802 0.6774071977603865
399 0.26853076971841583 0.24475785047450865 0.31115156255746795
400 0.6483756739928312 0.5903161452555135 0.6287755331160203
402 0.9508969581257981 0.9560193856029793 0.9563583974307479
403 0.633048540369282 0.576934597519072 0.569499759121624
404 0.5741922665991301 0.6471391022076212 0.6975940958301862
405 0.4511620993021856 0.4672016339279529 0.5565372881413541
406 0.6789993098752909 0.7262989640013781 0.6283558475440187
407 0.42849735659565025 0.40705439463454823 0.41368176841522497
408 0.9108122984342503 0.8893263527209793 0.7854086713295061
409 0.334210301555104 0.29806126174220837 0.24848139790998988
410 0.3940855743714469 0.26122158161010817 0.47735497131463744
411 0.46868140269730074 0.5154684609638474 0.5410245417206023
412 0.6381652287531081 0.6125438492504071 0.5871251352349409
413 0.7380950577540254 0.6673787489139993 0.575373635158674
414 0.6091107209452057 0.5048093104835192 0.44803922614046043
415 0.38557165047395414 0.4856540467431401 0.5277564673744735
416 0.6051780598579191 0.5485516232110127 0.5628727547792475
418 0.49011846312905655 0.44986093250060244 0.47803673425188875
419 0.45891580255471603 0.48382493667161364 0.5233921183822877
420 0.8835327068812225 0.8798519708896585 0.8781299666337393
421 0.33120543208277226 0.31669174031467523 0.30937269195184847
422 0.4127692962135622 0.37659533275136664 0.37159016231759856
423 0.738075715810957 0.6728726627807722 0.6470141764260522
424 0.3898411847431712 0.39135544299080505 0.37306440397904006
425 0.8275036810002848 0.8185794566888762 0.7732281366182148
426 0.4489835132156964 0.4489532493863899 0.44832585560866445
427 0.7052842786449419 0.6600319459542779 0.6094829424433605
428 0.8863164267920918 0.8953550599944549 0.893009542827734
429 0.46286149732088505 0.4513678418224301 0.4430562680779411
430 0.4113288268326537 0.4063303372260812 0.3963723145220815
431 0.8041730445007498 0.8355283067799328 0.8672415248040657
432 0.7143334618524851 0.41501213398852543 0.4289054891662186
433 0.4717368326930562 0.509039112867413 0.4756863587231385
434 0.38911861106797496 0.23474433432872965 0.3447154420762453
435 0.6280461718118923 0.5267754021589539 0.5085206512491454
437 0.3298078410355911 0.3346397271047796 0.32116896390450017
438 0.5099348657835768 0.4160002043769519 0.3261002028969418
439 0.4786063220559917 0.4783273741796955 0.4901750167006747
440 0.6870209085890709 0.6565455850535783 0.661365094894229
441 0.16054483300307593 0.15547820977075974 0.16699388173454768
442 0.37261624334601107 0.36697378035769923 0.29110591875375225
443 0.6473134852717698 0.5988477829559804 0.6085312124439135
444 0.79720507058509 0.434871947578811 0.3145210449728782
445 0.7307154871100944 0.6718064225105514 0.6449316676580432
446 0.9358700871605977 0.9417585490249788 0.9425610897720091
447 0.5062175768068506 0.49678048445257206 0.47459453572803373
448 0.519989165154567 0.48719444948956014 0.4866936725246822
449 0.7669736234444275 0.6351624979463173 0.5502209571254016
450 0.1863847440150787 0.21478359927975724 0.16589870746316868
451 0.4179662220214833 0.3118886752917421 0.2590902694907602
452 0.3237780019944818 0.2782935794021865 0.24456422513130777
453 0.3911898122811918 0.37136660753276884 0.3649419162243086
454 0.5185329747348948 0.5641265908947763 0.6058651671209236
455 0.521542977265748 0.5557912996306241 0.304399707765815
456 0.6802258178553308 0.6245936065471557 0.5620869694732198
457 0.514287415609527 0.4514997143756018 0.44187777958928043
458 0.5256473769939654 0.4502158745757135 0.3842125233603628
459 0.2996770970683721 0.29243252198346786 0.29858440043571405
461 0.7574815826735494 0.6966902729121632 0.6532095612194795
462 0.6521370386166498 0.777099051588729 0.8846467181874216
463 0.7875834558777003 0.7523587599023723 0.6410140568200297
464 0.30738550873955356 0.32708846886278814 0.3196293183279088
465 0.6200167300197724 0.6680809298104105 0.6569039280945724
466 0.6451637593789216 0.6280641875806896 0.5863984909023945
467 0.15096309117034012 0.15007668448731162 0.16130658291507444
468 0.6305568004368443 0.62712096971588 0.6314743115788184
469 0.3993541601156854 0.38495406773013724 0.3919902360185167
470 0.5686685652678498 0.5124906947068161 0.3881735453905065
471 0.7151925753838386 0.7185496294675187 0.7237148613909664
472 0.42170529222394054 0.4179111276792892 0.4072109335636591
473 0.5409811837844345 0.4693179017572231 0.4384655891460566
474 0.562341040356359 0.5346173395853839 0.5260282767806442
475 0.8301579387696479 0.8324812393732854 0.8163844338649874
476 0.4547275754692034 0.5517210402031301 0.5527468466344152
477 0.4233529094544839 0.41943215283621144 0.3191976701915669
478 0.4232179599258152 0.4254488389327915 0.4282531968662515
479 0.3219584715191488 0.3320870247976377 0.26907553769133735
480 0.6200605616279443 0.6458096769251879 0.6800500800153906
481 0.8642414479273509 0.9302641269724627 0.955148825673938
482 0.7775254473525898 0.756403131721022 0.7506304114292162
483 0.6532090619681186 0.6854863350545631 0.6529559538480619
484 0.45027296992080407 0.465860570108117 0.5107759222533022
485 0.4274059521580751 0.4350376992571558 0.44877173492827555
486 0.517656528203358 0.5057660989748883 0.453819421995047
487 0.42121133530280785 0.4101157852096069 0.4170822311801289
488 0.8164779591701027 0.8229088679523574 0.8367141236248702
489 0.5561148105681549 0.5626485394436981 0.6098120592285264
490 0.9348468148314151 0.9407350080408778 0.9415106544454724
491 0.4962312105485701 0.5514978117405658 0.40620151843278757
492 0.46703703418496834 0.4692323595532225 0.46900084298678346
493 0.49276879631605447 0.4817809402289079 0.4599339372286502
494 0.5752628864839272 0.5355326062406105 0.5052334746254763
495 0.5501026735091764 0.4588154833211518 0.261940640791957
496 0.7345762019609909 0.7571750334490301 0.7316508817417855
497 0.7404467893106804 0.7226794880661499 0.7108038749543533
498 0.7921177771090206 0.8012471252539404 0.8181936156656707
499 0.1688882166179372 0.23063997648493673 0.35930404386493775
500 0.6574157540659736 0.6462072828447384 0.6787138644269728
501 0.8443321115822632 0.7894793164725165 0.686470770537177
502 0.48261474820893646 0.5349736475843839 0.5698750156119904
503 0.8818786875937408 0.8541307840928154 0.8310971627839696
504 0.5378697977040833 0.33330975884486713 0.13455893434645966
505 0.4421941492477143 0.4289211544767729 0.3816867951699856
506 0.8374749035523069 0.8428143888300634 0.8476184336429462
507 0.7419764356195296 0.7456043621726596 0.7550862990104135
508 0.34446748868768284 0.3511359709691555 0.3236452895603641
509 0.37802180247703315 0.4197880212017799 0.3107980913625608
510 0.46869681474777747 0.4412025967005892 0.40084040088729
511 0.909981908960678 0.9074066040996281 0.887212202849966
512 0.8133721942582239 0.8295440813181411 0.8093133836910518
513 0.7459805107277319 0.755148277242959 0.7813270384428291
514 0.4390970691556599 0.41863127829166824 0.4468829466190703
515 0.4732210508481459 0.37153689637226844 0.2758065727239328
516 0.7181345854334586 0.5926563418125056 0.5619030807987805
517 0.8621251466084172 0.8752374182278225 0.8681027880976678
518 0.20787172632161527 0.18271773859187962 0.17604392556345297
519 0.755368557496205 0.6495438182255383 0.6446672220895495
520 0.5553101552517012 0.5698659819362246 0.5992102649058804
521 0.39224961282014914 0.4032691270348518 0.4092822410869146
522 0.6086734492469289 0.5925123505978436 0.5698951905423105
523 0.9112168685332717 0.9171035111168395 0.9178797543320105
524 0.7979423691414265 0.7666054612571938 0.7331621769081543
525 0.8909306198513804 0.9393672452708269 0.9557691195651284
526 0.5253399986726557 0.502056703821597 0.4974855881181585
527 0.47563983576964586 0.47746139698571416 0.47565166303176293
528 0.24430310012376022 0.27002395619691766 0.2701583793538732
529 0.36230886205888485 0.35523549649035063 0.34390162082600245
530 0.5191170495436147 0.5263797364748669 0.5107230914060302
531 0.6368572821633552 0.5751227780929064 0.6038518161316946
532 0.4040629502189194 0.41934617512502015 0.42361007449145277
533 0.5046201816027329 0.4938894534209255 0.4682716849201798
534 0.6521133578097862 0.6318857345081159 0.6351390134481133
535 0.5233984302034239 0.5189734849410726 0.5517210893895632
536 0.529623214754058 0.4802393331983946 0.43401747506980226
537 0.8538807731302055 0.865840637587849 0.8816902747623561
538 0.5361664528646303 0.5225252513120645 0.4811063263256031
539 0.523197063917738 0.48063952292254514 0.438033980950797
540 0.6266168536119221 0.6716291385983911 0.7194899469638293
541 0.7164434381720914 0.6423517899300021 0.6296607020559868
542 0.8968958736314782 0.8464808374026105 0.8482960715622525
543 0.5482267721797407 0.5185119065132017 0.4644797628155463
544 0.5522493594882079 0.30289848414610326 0.3907760414945483
545 0.5248191683558339 0.530668496567208 0.5145144320903461
546 0.3392660807531097 0.3662231123804847 0.6249409911586177
547 0.9117196919000541 0.896173994903609 0.8983235102102415
548 0.32363138634358546 0.33764847194314634 0.29633694148429596
549 0.36760300860834066 0.35864110538678035 0.3356987739197082
550 0.82043290836667 0.8219759271917152 0.8218378226350185
551 0.7633617631376839 0.7254022326197721 0.7046643471483134
552 0.5774127075292743 0.5105677141788546 0.5050159571819901
553 0.5497332843009245 0.4762298435946444 0.48135681577915396
554 0.5319879987884392 0.5319879987884392 0.5319879987884392
555 0.6096814465966224 0.6611622815069633 0.7073607675139477
556 0.8244083255578372 0.7981423737193762 0.798043111856151
557 0.6032108746206061 0.4856451895222956 0.3646258176251139
558 0.8544389781274847 0.8262121245826054 0.7538554612514712
559 0.36737528930820534 0.3748055935633313 0.3580476735748781
560 0.6317002072238956 0.6214843630383656 0.6253891393070701
561 0.6249121681824557 0.552912360950531 0.5165800810544765
562 0.40715622361823567 0.5377124773638402 0.6295516755557004
563 0.21872932591372152 0.2091261248073507 0.20604099541967147
564 0.5019875524386822 0.4959370542721765 0.4913723405958163
565 0.8146967547302025 0.7842607883649638 0.7328041209141868
566 0.4968229155878105 0.5267249782522588 0.5388727915122571
567 0.3954993644958446 0.4321509026700761 0.4997434161707506
568 0.8647998854513808 0.8661739376273104 0.8709736640392899
569 0.7785956135876645 0.6798006654408499 0.7125547361768633
570 0.7992209713544152 0.7812058037973936 0.7423709683822324
571 0.5424880113287184 0.4914986589292128 0.43692260375774683
572 0.5763587045444512 0.5816808339164535 0.6092167664742106
573 0.5368055437560982 0.5515636509701107 0.5423371691461504
574 0.4075165769164985 0.37700481569489785 0.3042940475496734
575 0.42488918584269664 0.48737525069600146 0.5008702411894993
576 0.5297383515960862 0.45606597363401624 0.3107808431650609
577 0.26086839785105237 0.26605867220183216 0.3136987253372247
578 0.4414426814243246 0.416822027649647 0.421560442551077
579 0.36193513665090726 0.34692543716673324 0.34544946347350464
580 0.17094950195467187 0.1699654944543984 0.2484656943957206
581 0.19296278783734724 0.18399940824515487 0.18335580530835965
582 0.43729235217336915 0.44333419006431396 0.37284778371142363
583 0.49221321633205184 0.5009023062796758 0.49671129289398885
584 0.38548245920311536 0.38548245920311536 0.38548245920311536
