0 0.5102696789785565 0.5828846821452185 0.4612228009439321
1 0.3237671527603845 0.4154674750173625 0.49220982856154877
2 0.3354156071395398 0.4126009373035728 0.5465581805612658
3 0.5202757926163796 0.4168485612285402 0.3748216565754251
4 0.4809070506359037 0.5250557601132303 0.510295829505118
5 0.5636793465451687 0.7587280639242846 0.8775923234617338
6 0.24919766381925168 0.23129833929475252 0.226104181711331
7 0.25499823890860174 0.4877936347221845 0.6201225190043756
8 0.37311963768465456 0.40931066971656377 0.41037686717721716
9 0.4654837811546424 0.5430652618975642 0.5708211997544905
10 0.6322624399414498 0.446800296938159 0.3564855221812709
11 0.4258749608557147 0.4442942907281499 0.4855971098690286
12 0.4978910045300381 0.5228190932981908 0.47620399344613157
13 0.4712812340617114 0.4671340529518795 0.4353948592340455
14 0.47699907182558526 0.4755119243325312 0.4480371872758039
15 0.2075906315534452 0.4366753493794953 0.4824159857660073
16 0.40517472647851394 0.49998852961196827 0.4320454607710926
17 0.46528764634202235 0.3865219822924075 0.3591512964631722
18 0.4280604716118395 0.45861180621684283 0.3756111656226812
19 0.4152944817333634 0.41652009025642306 0.36623438435601235
20 0.4719958710450237 0.4830706510245333 0.4568260950715247
21 0.4599172855949963 0.5497225053801155 0.604047665792427
22 0.34743908858713085 0.504532272456316 0.6771693668681301
23 0.4467581967380038 0.49263931886326023 0.5644765290696596
25 0.3561336897408698 0.4385062650948602 0.396872895784152
26 0.40048759241213366 0.48314077612196565 0.5650270265670276
27 0.2484786946082786 0.3617477123065459 0.39075727036050045
28 0.49084108571916285 0.5675471913969172 0.5947018248924075
29 0.3646887010156618 0.38258640082990497 0.380838674007846
30 0.3976570713824542 0.41273479817196457 0.44550981134439477
32 0.32342946338103656 0.419935736010905 0.5042418015926582
33 0.47675030224088055 0.6451091971361166 0.7309825045070288
34 0.48817521986450796 0.5703528983489322 0.6682283717810192
35 0.45656757104722967 0.44084231469793606 0.34473700973592963
36 0.3232302096637461 0.4617138021219991 0.4134670272280846
37 0.3130627357228055 0.41441912609467246 0.5403499532536888
38 0.37604482738966266 0.3979238229255314 0.3667994851190827
39 0.2577529556248094 0.28386124487641673 0.3505711934193797
40 0.3596232894645792 0.38008070179454667 0.26876786178430245
41 0.42966384160702065 0.3330673693835992 0.3933690095773328
42 0.4945966671454112 0.5265554585180878 0.5912361454637051
43 0.5604480087495453 0.5146930036282884 0.5378113621069177
44 0.4631011119281884 0.48852401570254494 0.5394193315121314
45 0.4115426075437031 0.31585254005474894 0.17901619315752382
46 0.3479002501094656 0.41552976234319383 0.46334443857391105
47 0.47444009476688037 0.5292052659135895 0.6116518534367386
48 0.5055922352236364 0.4181117589226836 0.4126210286557306
49 0.34962568364115776 0.3953888353596235 0.3434423412860505
50 0.2884214020207714 0.3952527334733832 0.4206270951235598
51 0.5413137103704653 0.5643990028241433 0.6071574879440385
52 0.5001194621057501 0.5216133923793034 0.4967729775554988
53 0.4293678014663743 0.4499991413561073 0.4423141630427378
54 0.6146155134546566 0.616836999705888 0.6155727477952538
55 0.46909527484982644 0.5459401582841722 0.5972927674121558
56 0.28079498230947886 0.4017874288089813 0.4409935349557575
57 0.3041204977729979 0.4391851082890993 0.5794818758983514
58 0.5796396558741269 0.6063632112436307 0.6699425891153813
59 0.5510930223565683 0.43348737056647035 0.49438708820768323
60 0.4259269852609549 0.4990106115357754 0.5060925979062579
61 0.5848408273078617 0.652389977370951 0.7361943729888842
62 0.5923052250975372 0.6804288434929122 0.7787005508721925
63 0.40619294398864525 0.41620562836695607 0.38885099085379965
64 0.5111190914837784 0.5675844579468688 0.6841885687146084
65 0.666601921716996 0.74463347756546 0.8209098865200766
66 0.5396712527455937 0.5834177473415366 0.6334299876890576
67 0.4272253637181756 0.47733283916391944 0.41730683003277425
68 0.4320676774219258 0.5676538861039638 0.558246386731149
69 0.6735596038920666 0.6929905093822211 0.7424238456788133
70 0.488506049170812 0.5804033980275989 0.556809063594535
71 0.3787619977876117 0.3221117024738684 0.410069500294335
72 0.3796824946238133 0.3990522766251181 0.4414230266570215
73 0.44572182912448305 0.4505679479861446 0.3649417350036225
74 0.523738245631443 0.5513385180015035 0.6892412744066757
75 0.3028060629229627 0.38676895735518363 0.4385493618346596
76 0.40995457231733756 0.552273256737985 0.38287261059430017
77 0.5566568555819007 0.5602839517520954 0.4875680648319839
78 0.3925062231632531 0.408589071382111 0.41846684939775475
79 0.6804595509675075 0.6913986890520514 0.6540838531983255
80 0.3776480399456595 0.5404687301514692 0.6865566390021278
81 0.5653321878714145 0.5796232308672391 0.5444953604502136
82 0.49009298560304243 0.5225439943428757 0.482258420290125
83 0.4502776590603133 0.3137138660082726 0.31572095877017176
84 0.6573381066011504 0.7191570343168601 0.7956615784003691
85 0.4056843931951774 0.501952121316074 0.5753483842649991
86 0.5394882403680196 0.5704418871683755 0.5129848284425422
88 0.26152179271314485 0.2607501132394843 0.1940977910216519
89 0.4947822609159808 0.5674821059156522 0.6639452562491749
90 0.5039886900570183 0.5361759277245076 0.6427783081078017
91 0.22412743758584774 0.2929008474836709 0.364247343388854
92 0.47739740291819516 0.5807070648677116 0.6330800039262288
93 0.46083127076301955 0.44485973104083465 0.4457410990546841
94 0.5315525988049753 0.5972668971407517 0.6014979869324891
95 0.6637477042659281 0.6420987880297482 0.7488567938381183
96 0.3159821791436019 0.2912107101448404 0.34192455219607026
97 0.28698583520135856 0.4728360270337007 0.5778906834726859
98 0.48751348731667526 0.411181243568377 0.30870623700588457
99 0.27387909480115086 0.42189428998006506 0.5853015254785291
100 0.44248577632096087 0.4330442384574932 0.43378612585235604
101 0.46708125266461886 0.5037113372820149 0.6179802030812029
102 0.5666617774314285 0.56265680424828 0.5695287928598635
103 0.39680093673675976 0.4150932252120123 0.5002886950851142
104 0.30925254084703235 0.3358120760366032 0.3746744085214927
105 0.5464290075934518 0.4674289494208635 0.5066342513113875
106 0.40552784025432825 0.48011440453630233 0.5136149304432914
107 0.3291437239288634 0.42785348031166515 0.4193286260033166
108 0.7439688320079804 0.6241292429085056 0.5533473568528224
109 0.5181847171746377 0.5243401753946904 0.4238595456982828
110 0.4524006397049188 0.7118910741269806 0.5969432404406868
111 0.36802598980433393 0.3753377543042167 0.3545820302988912
112 0.35433133855165355 0.3839316873024885 0.41254472563948696
113 0.4173635588698537 0.5255187354897515 0.5966013433875399
114 0.3371466850382522 0.3978844862499895 0.5371528855521128
115 0.36607334485873083 0.392550406131135 0.4315716945006246
116 0.4712934484244441 0.4402067193132942 0.45444331717223635
117 0.494173301923327 0.5528347744042703 0.6201422944916143
118 0.4725640974907729 0.5140039620695567 0.5433572354022745
119 0.3838489848970549 0.39926600155216024 0.4195498051564375
120 0.525788439142333 0.6146219294924398 0.6244471826683347
121 0.3654148936820207 0.3888241412712769 0.3608518078091202
122 0.23111667316955742 0.45746493322095594 0.6832660394975668
123 0.40335053473855376 0.4782382042207034 0.6047357139648222
124 0.4086860289354794 0.4332727567935519 0.36975724406621535
125 0.3518245623387327 0.4214465602722117 0.39463917159183254
126 0.3863444376504762 0.5368215649408713 0.7185510113994242
127 0.5584574840555042 0.5860470540341977 0.6038582063488642
128 0.33601578102070256 0.43053351287035607 0.6505258030408041
129 0.4225452031626922 0.4979538070282711 0.5989175400268816
130 0.35083408451465387 0.4111596726658481 0.48883637069376756
131 0.44556961860792643 0.4935276962874 0.5700532123095787
132 0.585181845758827 0.6664268216565147 0.7789502450859873
133 0.37908457100734116 0.3947108393432421 0.4233048116369565
134 0.43156092315456923 0.41505376994581267 0.4076381422270304
135 0.48664115527157936 0.3711252323722852 0.3653551634758435
136 0.4685498774896225 0.493380031161107 0.43858370828171506
137 0.5838782536428572 0.5671050297388369 0.4924811142105751
138 0.2520715527287434 0.3206471350156703 0.41147518665169125
139 0.3456302718165214 0.24218367507666957 0.1817070168873333
140 0.4252165774547016 0.5104474816567268 0.6452170414309137
141 0.4540948193228743 0.4295550465373356 0.44019748968431377
142 0.4547571531581347 0.5267961312413776 0.5679776837356516
143 0.41744445434118055 0.4806907113489271 0.3081964093703896
144 0.39732879429615764 0.4615698439654542 0.38673638891162776
145 0.2914253207293963 0.35384517426516604 0.45144846019951484
146 0.21547574110365433 0.29522499149692594 0.35641688702057583
147 0.43953753650774613 0.45105619999515206 0.4774908154533356
148 0.5251784611277374 0.5477772945855762 0.5390697647933473
149 0.536716164396773 0.5443741383018399 0.5261952162077805
150 0.2856890128989252 0.33921708964445035 0.4872944229054236
151 0.46342329352493183 0.4694376339320953 0.45979619631232677
152 0.6973600289803762 0.6878002123295308 0.7187164070108255
153 0.4796581340175935 0.5031528384639827 0.5051124067759325
154 0.3547529454409588 0.33213740680745835 0.5027096335908533
155 0.43853051501749607 0.49635162175469166 0.537784585208506
156 0.3459106190055165 0.45564549987509734 0.5049306377775097
157 0.3602567730561729 0.4266843326541028 0.5516779886951498
158 0.4885487379941053 0.55711873486695 0.6266874493752641
159 0.7716090817207192 0.861963644883881 0.8604351427095003
160 0.5104342379307283 0.5618660438989326 0.5545400886246735
161 0.46042454680961376 0.48096832507795073 0.40215869528137427
162 0.3979606061876716 0.45605186343895493 0.3984136182576518
163 0.4661266258952586 0.5430108200876799 0.5023305726597086
164 0.38184793517412463 0.4329618709150011 0.4369474822107429
165 0.4862972452424623 0.5106985650324346 0.5015913352711868
166 0.2461767059874032 0.29952909285592516 0.3767939396629265
167 0.3673869947780365 0.40277582991820543 0.3531897615150996
168 0.687973146209385 0.6848584011940158 0.6996990589220877
169 0.39215914641781785 0.42012891130509317 0.5082656375125651
170 0.49677263585642306 0.5672710734692845 0.5124697382533066
171 0.36887318219131976 0.5217359343130138 0.6593979569051787
172 0.44492862912301046 0.4427943633898649 0.4778360257045852
173 0.5420714732133451 0.605749809966547 0.6831417151289151
174 0.5876274165782305 0.5788459951843283 0.5684385835176636
175 0.4643439265014978 0.5050033418988249 0.41709253940221275
176 0.801068527495638 0.8130717846676562 0.8258722320417163
177 0.49535798787892066 0.4926807891584017 0.5235417588955605
178 0.38243048596589346 0.44362211475712826 0.6095270311843676
179 0.37560630115638544 0.515047022726614 0.5957036170858913
180 0.45670606069024483 0.4878255792944971 0.48726716476962184
181 0.5523789502288001 0.6112014132992314 0.6222856909086673
182 0.2088952438091537 0.2615936315867832 0.3135677836147892
183 0.4748009405519459 0.5810635488670681 0.7102832519743775
184 0.4102210805511382 0.379093101015178 0.3180708590432703
185 0.6175638437802083 0.5860213336098323 0.5508020616402861
187 0.5300393608905027 0.5934164883521119 0.6749012053633071
188 0.4061068529841691 0.48620239496750595 0.5810578068425177
189 0.34209620468964735 0.45380901598836587 0.6207852171476425
190 0.41507499842879675 0.398004192897843 0.31941177213325994
191 0.5285419262350608 0.40151341944040164 0.4196582798381497
192 0.3795066862512961 0.30073737840641745 0.2707440972178602
193 0.44364690389189765 0.47889859129311774 0.5171267060967589
194 0.5023250535167838 0.5101189136850568 0.45472708381837174
195 0.413774581566704 0.3858797819650893 0.29773423886492156
196 0.3463638404916532 0.41062406269882223 0.48070205097139546
197 0.694903556424065 0.7645860082037746 0.8411426727308581
198 0.37530706532194347 0.4418929729720155 0.4045023139916193
199 0.3483269043743894 0.21102443926655118 0.17139305346242995
200 0.2788307254593435 0.35445339502454526 0.18605232719709974
201 0.4222954513394673 0.5431120594266915 0.5696681720264684
202 0.43719424489820136 0.3323505951459108 0.2513649637790215
203 0.40850012697709226 0.46009355285664166 0.46044695692801324
204 0.409537595103718 0.4300217766878013 0.4182167738083324
205 0.5086023905022947 0.5675561683761912 0.5572730723951632
206 0.5717878606074203 0.5961787941321294 0.5958489887538212
207 0.33707786746126656 0.4141892787726977 0.24256653695969616
208 0.5923025771972142 0.6295486845432811 0.6242664612380067
209 0.4458610674664434 0.45576719149420486 0.47511330324251166
210 0.3824332028241246 0.4093983308006251 0.5000735439256978
211 0.2975973790516675 0.3610867737137143 0.4903754335351714
212 0.5174705505126665 0.5240254075329226 0.4723412797520217
213 0.42859714480600153 0.49331108642090377 0.43926723669475276
214 0.4491945562159506 0.38425624586210183 0.37354196017438573
215 0.4347780248715224 0.3620986731208892 0.2828830606888383
216 0.4301180522914227 0.5124220624681581 0.5899490195138272
217 0.24920966890298776 0.43145947771003934 0.5872614528225261
218 0.4913551664345596 0.47884496753651284 0.39406437791453014
219 0.32577687889884055 0.454362575252623 0.553255399338331
220 0.6163909233721341 0.5590540920483078 0.5124274005566509
221 0.4313081269972872 0.5013746308205709 0.514567763512705
222 0.2554033134091704 0.3179187638507816 0.29369670718075797
223 0.6708850123400267 0.5763183472290635 0.4941280229248306
224 0.33412012077440884 0.5052916537843055 0.6554122500625659
225 0.435411891577897 0.4767058008380478 0.5548166680725214
226 0.3922014090207737 0.42054071116461544 0.4226977921040468
228 0.3770445555026798 0.45619973552306897 0.5369965176352578
229 0.3123533309208279 0.396214772797416 0.5509675072526435
230 0.6013084493788898 0.6125142695140983 0.6060221290341035
231 0.37820965291716313 0.5331655552510463 0.5357500625737291
232 0.6254616876036888 0.5687627763243434 0.4672929349355811
233 0.402273621901183 0.4444951747783919 0.41087099061100857
234 0.3747673820367805 0.4962852925518798 0.6607308515049756
235 0.387242382679491 0.3868757792118543 0.35428625548502524
236 0.4179513858079912 0.43226562512625555 0.28925348793841954
237 0.5144281860910962 0.48089493111898485 0.4789719465301387
238 0.4065114460643437 0.454308503735159 0.48543848655282484
239 0.38441399249092717 0.3595228930983391 0.3044128997619103
240 0.7729838876893366 0.5835348949799086 0.6087898891093164
241 0.4670247427151205 0.4713256872027668 0.5360229454297492
242 0.9076450922094759 0.9030657273996806 0.8660087042346715
243 0.46103339550615813 0.4682189688354977 0.39255163081601785
244 0.46946962549951143 0.4863475177234476 0.44219829637776664
245 0.5588066869977936 0.4161963949545639 0.3276020477153199
246 0.3688542718976276 0.23219391874981765 0.1260746156211772
247 0.6532399369360542 0.6654080963860078 0.743506946280387
248 0.5094097983952693 0.591814954761926 0.649269788705167
249 0.7394621905743713 0.8305869367302189 0.8121695497401318
250 0.47206692296867064 0.5283223893322129 0.5729037300478415
251 0.387218695439327 0.4373955282928946 0.4392806638787828
252 0.2733298942368276 0.3402926455430967 0.3765137249602601
253 0.31326440418451335 0.42113886455512095 0.37894801896082175
254 0.37486002577656896 0.4585057206217745 0.43850288231820683
255 0.28462652150362777 0.38362745785814073 0.2721487856644614
256 0.7410763358308943 0.4341361731832011 0.6081392410439749
257 0.4140442723951603 0.41581179433352333 0.3869422975492371
258 0.3595636673400043 0.5015812747777618 0.6254938151043775
259 0.5138826854425796 0.4559898023268911 0.4674884516134323
260 0.39819915401611855 0.42212976905525196 0.30789395822672927
261 0.2021561871240245 0.317745684373083 0.36410366966051433
262 0.38992796519661804 0.47944754253618227 0.39451594936980544
263 0.5258233797223932 0.45041346361060725 0.41853653217350156
264 0.5233398096915323 0.6582613718525475 0.7987642962208035
265 0.5220823492102731 0.5387218724562942 0.4479813371713963
266 0.5221094835835968 0.49757921189442667 0.4613061958729635
267 0.3896554173599848 0.40559783809148814 0.47967224730614005
268 0.4609687312496611 0.4975949722391739 0.4522115917801717
269 0.5914827211604919 0.579792507996577 0.5612966412778323
270 0.6250049783958466 0.5645719534440833 0.5272614543927728
271 0.5261723978320997 0.54510472550772 0.5133953428048699
272 0.2612918483869845 0.316702656460344 0.19435627259214336
273 0.5610060658972439 0.6545421899973017 0.6887415016045536
274 0.33293403307687863 0.4777552037577662 0.5708352011434535
275 0.37020556382617475 0.6066838991684859 0.6524622004198695
276 0.4178757903182535 0.4341954218032445 0.42463621174894606
277 0.3826180476897748 0.2606741761590682 0.312154442474743
278 0.4066832867720938 0.4627563814195149 0.46967283217691974
279 0.5472952140237137 0.681167204250828 0.6239305131231927
280 0.46159516779096516 0.43548577264491767 0.41522993214954645
281 0.3345909271521542 0.3963840983579039 0.5840763917872236
282 0.7482907923140016 0.7984907274383711 0.6070032693064119
283 0.392180692342025 0.5476200521435176 0.716101484151962
284 0.36028150494721606 0.35902503682493964 0.3853787198167715
285 0.6052277927775372 0.5853189261431948 0.671550888839631
286 0.6849625181109337 0.789107266907716 0.7632666140127812
287 0.40420515639885574 0.441451083728734 0.44888706435577397
288 0.5974025246294681 0.5123797048531938 0.4141748217166781
289 0.6281970643336355 0.610672601042738 0.5813851406403593
290 0.3329458348620084 0.35626485590241586 0.4101352742562869
291 0.45995172123520645 0.5850465506229917 0.4700359587842593
292 0.6138228316804889 0.6026619371083755 0.6222276483145964
293 0.5039945793636211 0.5195925885157453 0.4434776597166392
294 0.42449542330035106 0.507279057302517 0.5593621254119108
295 0.38932027774597355 0.33743118432263797 0.28635102490721104
296 0.46424559075468114 0.504066765345633 0.5489609391455297
297 0.307830115121739 0.543623454917683 0.6639809327284055
298 0.40309160207613 0.4013989053857683 0.3868546857786084
299 0.6170013725021554 0.5338080225969247 0.5086571248357507
300 0.4390064923261813 0.25461895333706147 0.13756295170971566
301 0.5218584637812962 0.6108321152318164 0.6539546714450932
302 0.544762372055612 0.5272861243712886 0.47350823939724485
303 0.3952727922447998 0.4360709617333625 0.4821757829620831
304 0.340327324192664 0.47025473165070364 0.6286663940427731
305 0.4233866870025787 0.43749841077405566 0.39617302439459995
306 0.4220185335243611 0.374898001089701 0.35029429584895067
307 0.4247311632991751 0.5229110597527812 0.626319394711571
308 0.5354820889530008 0.5556704763342775 0.5655900477866036
309 0.4275744300100027 0.43202316673593416 0.4521465594649371
310 0.36937291691911833 0.3409086180377494 0.3838747719212323
311 0.4296507220193612 0.6230574561013903 0.6329466771205611
312 0.5677574099194271 0.5767733487513015 0.334484879674872
313 0.35967991671089267 0.4118124684241353 0.39783171174000703
314 0.5597320651560953 0.6757834837356491 0.556528169341476
315 0.4226595539349507 0.4337743598442693 0.46934543397169254
316 0.6345129749804584 0.5247403418478677 0.36473613278594597
317 0.4098626892208734 0.4395051329259679 0.5533382873985895
318 0.4184806474326223 0.3852232716300695 0.3721601598876759
319 0.7493909319427366 0.8750832220085974 0.9136505098304493
320 0.3560888092234564 0.3744035215335472 0.3704444386159427
321 0.3730130727477088 0.46076016924003343 0.5652453227279475
322 0.7366713144759809 0.544295372817972 0.4287597405145879
323 0.5202445793456211 0.544233340140835 0.44969423128905506
324 0.8775820155248438 0.8832492914126397 0.8935693108693225
325 0.4984945383598648 0.5805996388709362 0.5906685285544745
326 0.3161747792727392 0.36303909414998875 0.29227137998748415
327 0.3087796092349294 0.402498674588071 0.4483536350899686
328 0.2271994083128764 0.42312721671599185 0.5890412740359016
329 0.46153552823842803 0.5178909144062835 0.5432933587136006
330 0.8085671401305202 0.6688078515556319 0.4464992320635287
331 0.5136607879938176 0.5068062039604742 0.5033112648717292
332 0.6478844266022583 0.7011542658469291 0.7692786063155428
333 0.3747435995247451 0.4796246646076156 0.6116763216316213
334 0.7622943198574538 0.7605247571785244 0.7709795431420863
335 0.36568119326983295 0.40370053264008615 0.3994238565865986
336 0.8063053390249362 0.5009595835651436 0.45362497563357546
337 0.395317101371565 0.4061155384923005 0.3246038585182709
338 0.5167957550690724 0.3726841963707015 0.30731198286040795
339 0.7465997184244686 0.7425322544499469 0.79679687940044
340 0.6424402053564873 0.6065363695462962 0.5703407269359664
341 0.31186726981307444 0.34297872194642637 0.3988246634054825
342 0.8216765630761418 0.8047154093176999 0.8122130596295317
343 0.4054601890872805 0.4464741095233986 0.4446494579805747
344 0.578944838231371 0.5843093143874404 0.4694142135397578
345 0.4726387164454304 0.565168343895703 0.5735778823031785
346 0.5145854619839386 0.46601300105714405 0.30732484795257786
347 0.40080314612928297 0.4241664553363395 0.5173646669664157
348 0.17705844193201903 0.22447266202174457 0.332951104898576
349 0.48792301599035176 0.5671671663573722 0.4761396121959277
350 0.6742420450152632 0.5500898487244948 0.3478314103975006
351 0.5074144559735814 0.49436692386786174 0.4697212846600344
352 0.6474830092286492 0.5742995530276497 0.5256606749288895
353 0.4076632716513262 0.4114450699721456 0.4280819348750337
354 0.5329104611343507 0.5525211013847217 0.5281476835261856
355 0.3963556228884488 0.48977390186794406 0.5270574962601167
356 0.4680439488627579 0.5927754590192925 0.6009462788735903
357 0.3101287813372372 0.30740275557668945 0.2869540547579582
358 0.43645920269899063 0.5867710270124337 0.7260952476828736
359 0.22133048569910577 0.18813626314720128 0.17089874081013465
360 0.5711976447845311 0.5813799110049058 0.582304937153757
361 0.6229550683536845 0.5918489190086804 0.5636866319578665
362 0.4668807356415176 0.44392163666293244 0.4946465942325148
363 0.5837446596390681 0.5106837913571954 0.36585777123710644
364 0.36833892805573176 0.4274368352522437 0.43790891228880185
365 0.44043615415430176 0.4653383747624573 0.5081808004362011
366 0.8243057110954116 0.7524830457757247 0.7191925532853558
367 0.3834105835279395 0.36389467056576325 0.2902156705884983
368 0.5823365857304416 0.48190438052473683 0.4807929187602108
369 0.3953313078821519 0.4224438604110214 0.39570935725677703
370 0.48155214096489013 0.505700434410316 0.5404240424312243
371 0.443912698834052 0.47013597466945 0.47331692687415183
372 0.5216651602343547 0.49497685864126356 0.35345829369726955
373 0.6063074422919029 0.615788358963476 0.6432491296587003
374 0.4801936623513906 0.4996811868944211 0.5122455580832593
375 0.5556809545938303 0.6405399633195681 0.7220745626786816
376 0.5890741554473929 0.5586023294593179 0.5200732585043959
377 0.47620881225804645 0.3665647161533646 0.2831214224416841
378 0.4443488592187666 0.5220326661267144 0.637206869324661
379 0.46982857308776954 0.43383286212288624 0.41979790937111655
380 0.2567998313427746 0.22470987101144752 0.21051939331450278
381 0.6453119852180564 0.25587856107078777 0.23344175582470494
382 0.3946324266907328 0.3595915764431978 0.3130369343696024
383 0.4970971298750749 0.5675965099067283 0.6661197568648544
384 0.5939512916642034 0.6540710993283544 0.7781300834478098
385 0.5069832051099703 0.4761155280550706 0.4033483221947565
386 0.35717370683810057 0.3367959481196878 0.28035353319902245
387 0.2681964825438377 0.23722354137279478 0.19794415080180425
388 0.4501114483612467 0.4831208854297435 0.4978108525594453
389 0.41644743023943764 0.5511809044754129 0.6870892574981232
390 0.415824238647672 0.4150888781019583 0.3755110454996636
391 0.6074138353089835 0.5996083294913176 0.6113027807006419
392 0.5113873240423165 0.5270437591331558 0.5486783661275468
393 0.4324287716592923 0.49291802810878965 0.49856150827233753
394 0.5220737354112042 0.43912346713762507 0.4487694317853167
395 0.4497874874283578 0.5981729692185818 0.5831999684321093
396 0.7091726060254383 0.7134175207039671 0.7092888725556257
397 0.6505183906193713 0.7004936647984793 0.5070874690641043
398 0.4164799936712335 0.4115238634040011 0.3664363210747612
399 0.41136033201141947 0.5167122174582682 0.33502519117535684
400 0.7442351435969393 0.6929162327902392 0.6632289861981476
401 0.4032711740413803 0.3918763617919361 0.3588250946669571
402 0.43605937111907556 0.4833366219559549 0.5511611050789741
403 0.29234506893175255 0.3450860459956722 0.453058014920274
404 0.38455995808570625 0.4553985312801276 0.4558370126587615
405 0.6155173741512389 0.6487442540456082 0.524435750227199
406 0.2758082858512191 0.2776576366795032 0.24657494954359815
407 0.46276865146355817 0.37065733026682907 0.3271596257560511
408 0.2966185203541515 0.311441245881466 0.31742062990859315
409 0.3784385128211031 0.41108687958547374 0.3912661430928962
410 0.5925207989458878 0.78032015277692 0.8116169230036246
411 0.4654552890717108 0.5282846733676284 0.5138431823976327
412 0.46164865109485825 0.445025997897322 0.39299502742847936
413 0.6732061235726271 0.6752998445630943 0.7018438103580167
414 0.007604753614149608 0.2240450409487296 0.4441720715127401
415 0.3087561297489222 0.4348585381206823 0.46739170931471624
416 0.8371880736384822 0.8441508908449159 0.8950962191242725
417 0.42005905686811534 0.33153644150799044 0.2778683565977609
418 0.6106176387557705 0.7024436238147054 0.4477488602345925
419 0.4361801262105514 0.4523531182665672 0.4822470850897893
420 0.42133413542043663 0.37346663643038364 0.3277962655097924
421 0.4858859549021327 0.42338115229317824 0.36768616060846115
422 0.2769082271816669 0.41240455180555324 0.5053764460254204
423 0.41958241094261917 0.4424117192147969 0.45167430180639107
424 0.5118031193452454 0.5198551326168023 0.4663088908744194
425 0.62357279739102 0.510417628282108 0.40724266494168715
426 0.5837102107097848 0.5433002379591274 0.5265885833317611
427 0.5273880420210872 0.49577546474230705 0.40293683615560005
428 0.2859147354036318 0.349336837788833 0.4568981578848748
429 0.42473741643078855 0.3446057167336192 0.41598597292915085
430 0.260283450806888 0.35370605297165386 0.35487600161228283
431 0.31036242082565696 0.41376101276503235 0.37318150806925493
432 0.40992064564921893 0.4491161225161895 0.50719496336064
433 0.3214875614750827 0.31920343729918255 0.32409244509810137
434 0.4421368058699933 0.5138018092110958 0.6137838722319877
435 0.35255584205878493 0.35533027580279847 0.2898002184156634
436 0.37690397477949655 0.32718980356697347 0.30216564602379775
437 0.42730331245950137 0.48801871411665243 0.5053345927778801
438 0.35783272704208774 0.33295120636184244 0.35567314449475046
439 0.28368877760103994 0.3050961291135744 0.30373001393930404
440 0.3028971477035719 0.4303194506965147 0.5222652258710114
441 0.32099201657494414 0.31680041515983176 0.30335892786371405
442 0.31052350723836003 0.34159349463468525 0.3335063806379844
443 0.24553254744743644 0.3532641985357674 0.5203212336491525
444 0.3705283833786809 0.41140395082368764 0.5202492441337006
445 0.6356576647295964 0.533920978205753 0.4420486990722746
446 0.28596471269629775 0.32986806012697595 0.3665586080555135
447 0.21589250689612 0.23291225817398453 0.26689878209642526
448 0.3404492659712334 0.4566386485591351 0.5219687040125149
449 0.3229649423171989 0.4000411788515357 0.47625716144195174
450 0.343283881909707 0.3858553424754355 0.29732746438903723
451 0.4476659606256024 0.5563249680105513 0.5725023752873422
452 0.3475222500877918 0.5243259104412012 0.5805852898006014
453 0.3334927990378696 0.28783166576194813 0.30566239615699625
454 0.4500105515163164 0.5399030123317213 0.6445762258618853
455 0.5888459355531571 0.5888459355531571 0.5888459355531571
456 0.3481179202767788 0.39101293931763353 0.379199249865983
457 0.40003116388166327 0.518022411819596 0.6109355301109527
458 0.4252261964436035 0.5525374865269354 0.6620112155563248
459 0.46910293648544343 0.5266999265008945 0.6718477726849076
460 0.33163564539947604 0.4455224423332483 0.6428140442081106
461 0.43190720592958026 0.5074239548737219 0.47951258894470306
462 0.6359580433599246 0.6411312507170447 0.573906400326815
463 0.29663236512960717 0.3730211543739618 0.5238020144117369
464 0.3656702869780538 0.3974895242873623 0.3843759212338948
465 0.5579013800944644 0.6858595297168479 0.7130900465079227
466 0.35327716013950755 0.37178881689822846 0.4102221558368431
467 0.4843718926792771 0.49077215546374314 0.44996477834106285
468 0.5925794372833126 0.5474788227717494 0.5033562741210945
469 0.5834992510836582 0.5913319194821482 0.5683755749030585
470 0.43742991070646264 0.5409910831453171 0.6312254101562765
471 0.4588542374207369 0.5228920104684599 0.6197262491588309
472 0.36441875671629015 0.40018757263509613 0.47368559538403854
473 0.6185225900381446 0.6741015323137755 0.6122530397289905
474 0.2102662771258096 0.2708030698800653 0.326942757705103
475 0.542408454022963 0.548888169400628 0.5507034901421836
476 0.4847662724497092 0.48023945404717244 0.47873502629496584
477 0.578316334611189 0.6617514968609592 0.7283914443416676
478 0.5843149803880916 0.5646213957709637 0.5865229143596896
479 0.5392588438103622 0.5574204222325362 0.5633592407898514
480 0.27770477094961293 0.2628987977355668 0.25273924304267087
481 0.5901236272999271 0.5901236272999271 0.5901236272999271
482 0.5174651985761753 0.528859249355909 0.5527352421701501
483 0.5149759608849134 0.5283691037743345 0.4847973042382132
484 0.7309599153675314 0.7615009629399175 0.7765596224078625
485 0.47607195530455165 0.42709407870250565 0.6626777635057373
486 0.3470678159245148 0.4605687104967815 0.46085460358333824
487 0.48902028984620555 0.49136896287903237 0.5522434055117913
488 0.3500364092930107 0.35075796249058294 0.28863084679023726
489 0.81035716382395 0.777737194767727 0.7677571596282761
490 0.43881300514790655 0.4280475759757374 0.3556561262470557
491 0.49095502554056614 0.48438520629494936 0.48793112598789473
492 0.47401464108146235 0.49658109685508717 0.5125238925988806
493 0.5702908116075586 0.5522745624979974 0.5542740144293311
494 0.4951100943759834 0.6528585154890184 0.6728097321933628
495 0.40335780568865226 0.48530436194346227 0.5830012873398933
496 0.2567675284356646 0.2664643379670498 0.2912208828331122
497 0.35542897037499693 0.43635903920013003 0.5348242424224574
498 0.6398289439412383 0.6333757012672504 0.5070953296645121
499 0.4358355091342881 0.4442417266616966 0.383465989692274
500 0.4891274158259686 0.5663804430749874 0.5856796239580698
501 0.5890869525209408 0.5860966255719561 0.5758214258306209
502 0.6489995721677694 0.4148901911188798 0.24805606809652006
503 0.2679856400496156 0.27089079061063454 0.23049549517685294
504 0.774400126798944 0.831346552937926 0.7593630457022635
505 0.2756615342443671 0.3715355297187035 0.3056310183221279
506 0.5707646852613233 0.5338959261949562 0.493052853486458
507 0.41653267693267476 0.5214936986035154 0.5592719895247736
508 0.4738057772598921 0.48396860801750463 0.4415164095691841
509 0.30694017893584746 0.18943255078363366 0.0168188240264025
510 0.6045234603547756 0.6073978607939328 0.6324023624896012
511 0.334226564822678 0.3512144528528249 0.3945209920957135
512 0.456582406375011 0.421779704745376 0.41715824150678665
513 0.8075577485579496 0.8075577485579496 0.8075577485579496
514 0.43268586235667705 0.5116706541750589 0.5887512240718451
515 0.4302404098380773 0.44610761519047326 0.4002840004904687
516 0.4101126607763667 0.4576620673777863 0.5241064754179825
517 0.6557238515845579 0.6565605401338702 0.7574932239379851
518 0.4931976211872775 0.445542878440847 0.35673163366808636
519 0.2756366025476329 0.4381888712582321 0.45590003847327804
520 0.3887583622253054 0.4665140597396159 0.555402698307762
521 0.6979649613446676 0.7098260600994387 0.7059469634522375
522 0.2555791631398644 0.46872403022047077 0.5086933836498923
523 0.200629116321728 0.200629116321728 0.200629116321728
524 0.6106634492314684 0.49721663063045285 0.47800523589358157
525 0.3634952628342437 0.39785402795972935 0.40462425237770633
526 0.3724016239937839 0.44559412431655365 0.5908940035936536
527 0.5363064542741928 0.5860413172109608 0.633497772007968
528 0.5596078140226733 0.4994385813626776 0.45753552497062955
529 0.8502344013340264 0.8502344013340264 0.8502344013340264
530 0.6170992909858003 0.5915169540546524 0.6146942440833275
531 0.5862437944628137 0.7163645596296686 0.7324753981528008
532 0.41689379227327344 0.5029805845539146 0.5796395431387493
533 0.5782707594090668 0.5177462891950202 0.3644128562481838
534 0.29692788851655744 0.411250288879454 0.5351164605070191
535 0.4890399868167626 0.483027689587723 0.47439094872075455
536 0.6924503135761132 0.6885302779719524 0.7024547450869262
537 0.6277186584317493 0.6640961134435065 0.753073848471778
538 0.41260353099366903 0.42966901013379155 0.4848813922490726
539 0.5069145258390862 0.5463387533974896 0.5100536521240866
540 0.432189019170307 0.5175693761872019 0.5723374108707637
541 0.5051432114514577 0.5094537552209025 0.47687976622920747
542 0.48409768082586496 0.48725822843766853 0.5225437416834111
543 0.5151407577571441 0.28454733528906295 0.232054920540318
544 0.5075781893942131 0.4117015006890514 0.25166153002584474
545 0.4412531513369175 0.44479749828761445 0.2659110862341737
546 0.43479569743221014 0.310290961777613 0.46646522562725234
547 0.27735396814096225 0.4540935045008155 0.6308201240581063
548 0.34527659655195264 0.4368741472218288 0.5469525221519104
549 0.32806296196746876 0.41183288913452004 0.5048563933910648
550 0.45343666683222583 0.5047484000205668 0.5110461936823246
551 0.4908652191838569 0.5076726889560871 0.5267799436232178
552 0.4141471460182865 0.5041686672824197 0.6305989778030171
553 0.3543864880004407 0.4405136255318919 0.599817026597065
554 0.5306849556402005 0.44617774968476365 0.3563942895406451
555 0.16909899604857923 0.25277530964765765 0.18621112780685373
556 0.4026470032008912 0.48144003981506406 0.41051445792831653
557 0.3331059746499186 0.43730156602984344 0.5374501866402864
558 0.3312737280302165 0.3457452401554024 0.30788883062165345
559 0.40138929242867233 0.46038668382426473 0.37654927339088357
560 0.5125108019112895 0.24029064529476105 0.04756208711773766
561 0.5854536193736042 0.5712511910076319 0.5808435913641592
562 0.6033009370533017 0.6216490176987208 0.609447505851329
563 0.32166371868819554 0.3704980714230792 0.4496243110528606
564 0.4008404570450138 0.34679119763294497 0.3640861244985992
565 0.3829795547002302 0.3994080951669624 0.4725248986210837
566 0.8138813231023325 0.8360648784840435 0.8358423308472145
567 0.48003674772649546 0.6481768976032375 0.4052777920759132
568 0.3411822811707986 0.4510987742313827 0.32693650020019294
569 0.8262225794874608 0.8262959421740634 0.826527516293802
570 0.5663899147285308 0.6002723386711919 0.6183893477765143
571 0.8754195103955565 0.8907218492127587 0.8838535495199422
572 0.4237098813393114 0.47807498068574156 0.5215923966205601
573 0.19190233541755636 0.2627869647224361 0.3777443612435794
