0 0 0.3872656658077048 0.4271634084436601 0.3003045979237847
0 1 0.2932066796508727 0.26746122138806344 0.20928616999615532
0 2 0.8974746919614689 0.8639081813039275 0.834434005434791
0 3 0.36610982775596873 0.37534280380371987 0.2871202169022343
0 4 0.46509738097965436 0.5070073685641129 0.34795373383070227
0 5 0.49413403990324745 0.4827958382956373 0.34011538085878984
0 6 0.6093468345993809 0.5546049679116087 0.4689621960805789
0 7 0.23206570096043058 0.2911151165710926 0.30872687952892053
0 8 0.3846017949651306 0.38400501915200924 0.3678710318218865
0 9 0.4513697667875751 0.5323454538958232 0.2987702772489607
0 10 0.4150394169180683 0.4172567261334754 0.35819644008210033
0 11 0.31307718659758443 0.34646497252741826 0.35400453801215254
0 12 0.36723207569236316 0.3313584093230738 0.20608634074996482
0 13 0.5298128325577879 0.48287067320768173 0.43972183575178525
0 14 0.25635995998341565 0.23667234063793027 0.23122466236655478
0 15 0.5171631802934853 0.47845919355853084 0.45487998165546334
0 16 0.3239108529000749 0.3338204130548163 0.30163462437053007
0 17 0.5064200175352149 0.3574025411967239 0.1997262941446528
0 18 0.38794004226263984 0.41630208578062594 0.07411779208731484
0 19 0.6213899594099181 0.48971915362671536 0.369032339193366
0 20 0.43794032149869655 0.4363484920226334 0.38138726398748957
0 21 0.5027356545676088 0.4887259889656717 0.3916284468048985
0 22 0.4255432949590941 0.39952542013350034 0.412290228734392
0 23 0.15550486786045087 0.12070196239218199 0.14239347101009622
0 24 0.3703775558127834 0.3780962937181843 0.3499943789896232
0 25 0.7235490404111593 0.6779845858958865 0.6376918412250594
0 26 0.6961868995226402 0.7200363528795126 0.7440101600006999
0 28 0.39338371435835917 0.4394676219923343 0.3294603513948893
0 29 0.4035969982659064 0.3536707219149389 0.3393299106985253
0 30 0.599226105787759 0.5279588610659213 0.4166104951225452
0 31 0.3492898332605445 0.36298356156390077 0.3574009612364556
0 32 0.6304492069488927 0.36552041836306004 0.216173498009846
0 33 0.38109285823989864 0.4078414131513229 0.3411798594981118
0 34 0.5991810912309737 0.5577468916568298 0.5986147008596077
0 35 0.49413038949054133 0.46103129524554887 0.3791163116929067
0 36 0.7772007445405121 0.6891155368574521 0.45035856498376686
0 37 0.2159845951186408 0.22554078684492668 0.18849750764544027
0 38 0.3619078378210716 0.44122660421668236 0.5247227308548338
0 39 0.45398203046091684 0.3141695659104953 0.1355278568144145
0 40 0.4121949662579398 0.3839185864394371 0.3565186974197662
0 41 0.44117252377511446 0.44571896617424756 0.46593112099775374
0 42 0.4501640035580276 0.4918818478474728 0.2854148219029274
0 43 0.481624129489806 0.770258209328828 0.2049480942240401
0 44 0.48909718159584253 0.461456039528596 0.434592627531917
0 45 0.4278410752175191 0.4200465870947163 0.40737222485601593
0 46 0.6174274032995558 0.5318820818880214 0.4083000677966117
0 47 0.431614891300316 0.42580722712744373 0.432312027946494
0 48 0.5350636502400776 0.5030846914822305 0.4175709250371512
0 49 0.5468488808096423 0.5273458868747063 0.5293995561809466
0 50 0.38526417020544207 0.3591612795903044 0.32220183938924796
0 51 0.4625586266053704 0.40127852950011844 0.35492429800072156
0 52 0.5383740714221671 0.40746615266460695 0.1875468409989263
0 53 0.4680758241957803 0.49416769419939865 0.1952972460878259
0 54 0.44183544444285877 0.3737834254895722 0.3338922497114513
0 55 0.42039553369181965 0.38091685966590383 0.22364654558439476
0 56 0.34454384794288123 0.3526678270269559 0.3197302135783185
0 57 0.3043150853471685 0.27837427620674376 0.24195504722612773
0 58 0.4573338600044168 0.5656264849045008 0.5050683252105082
0 59 0.29597221335505713 0.2703581231901747 0.24560025859538454
0 60 0.8203016492967578 0.7956407490734368 0.6909301619429971
0 61 0.3827745926701923 0.43915147702110435 0.46197356109821675
0 62 0.5591115502560308 0.46154424999407223 0.32616583812753314
0 63 0.41864190460428846 0.4299627538859825 0.42394580459335945
0 64 0.49684798505648975 0.4393973464692709 0.35779546232390963
0 65 0.5442410424245917 0.5444541034529424 0.5445997897408719
0 66 0.5799718368413648 0.5896007100816469 0.5949763967522331
0 67 0.4174573601201597 0.40490545002702105 0.38931075157637535
0 68 0.4751135190830452 0.37359647520654693 0.21865083941187616
0 69 0.5925615869517011 0.5858295202255036 0.6463783193469765
0 70 0.679179432892686 0.7620123574634267 0.7121423277184558
0 71 0.5596751516506223 0.5137576641845655 0.464094352672144
0 72 0.5607227085856937 0.47905748435187795 0.40406853819579586
0 73 0.4461900050587166 0.591226998882543 0.7395928891221658
0 74 0.4117518373164508 0.43412340999276106 0.22922550027619534
0 75 0.35072131312190563 0.4696685527373095 0.36808163496450486
0 76 0.5859447924761932 0.5347158596780957 0.499918452920622
0 77 0.656823100726912 0.5922634329554746 0.5346113235539005
0 78 0.4778590954854264 0.4527443742129703 0.39701689625102116
0 79 0.37988463652560833 0.4199949880556622 0.2786007792644609
0 80 0.13147271951947678 0.6463983413275506 0.7209925885450363
0 81 0.6693620782205338 0.6272912814367407 0.5492536066917827
0 82 0.8226258896966804 0.768288301452144 0.7590549789778985
0 83 0.3469961208780826 0.3320018495943077 0.3205004904512504
0 84 0.4135981857437117 0.424182966304183 0.44138222887331724
0 85 0.5557546001548698 0.5076136068692947 0.41184955452260436
0 86 0.2920027922658666 0.32292516816561545 0.17678723675020797
0 87 0.23212052184515913 0.23154382742623317 0.20274422790776173
0 88 0.5420944500755334 0.6441596325474821 0.22459273653909462
0 89 0.8775028884754055 0.8592559555954813 0.8167497761028313
0 90 0.5378831130712479 0.47032554531621806 0.4315589511231688
0 91 0.4595622749233904 0.43092442274667264 0.3837021058271029
0 93 0.49137515406147614 0.4916087032986726 0.491379492344078
0 94 0.4955811597561764 0.46573916115376796 0.16758418724875682
0 95 0.5705322891824375 0.5278060528848769 0.45810388226541476
0 96 0.49060783093562893 0.4464662356218902 0.38421098660442415
0 97 0.36672640491583586 0.4635572143247145 0.5540166708225008
0 98 0.33288262286341447 0.384988840472117 0.23273462221746538
0 99 0.32171464844715053 0.31400631910174753 0.2792664866149128
0 100 0.3863259472740243 0.2631881925875143 0.10502314604778785
0 101 0.5043831557064895 0.44238783355637407 0.38519640763052715
0 102 0.5923292479299299 0.5074503988003108 0.44165845315625557
0 103 0.714955020174107 0.5016868757128782 0.292723287115105
0 104 0.7388664031627172 0.6469891136800056 0.5810991476350805
0 105 0.5892887020166294 0.49942321401924755 0.39677104611217334
0 106 0.6881895959197953 0.6459119434974738 0.5928877969195866
0 107 0.4356353321829463 0.3790233243934691 0.32970457339327935
0 108 0.5399814045035914 0.5380351815480079 0.3370858039413085
0 109 0.3793654025672134 0.38350277523007836 0.32038783328116216
0 110 0.24453250163352738 0.2617457115586251 0.2639819143794825
0 111 0.42993889262608964 0.3264933793495624 0.24594838055816728
0 112 0.34570927942833196 0.3440654370658033 0.2530887012229343
0 113 0.5014203568837691 0.3789703207272011 0.3089983355936807
0 114 0.5985481411403499 0.538882698836298 0.4505268662227212
0 115 0.3828294769444775 0.3996035817017743 0.3450607809355225
0 116 0.4033613331587549 0.35481575643211255 0.21945142723991592
0 117 0.42833070372114235 0.40880341766045913 0.18833679951954985
0 118 0.6484209017713988 0.5816967452397636 0.47745427531571377
0 119 0.535163860127628 0.46857072960157636 0.43978694174779176
0 120 0.5865380613978015 0.5680218078584423 0.533831288054434
0 121 0.47206408360353963 0.4786894739970965 0.4298356553836315
0 122 0.3869835441323383 0.41650931216556714 0.17871850331990913
0 123 0.3954837441521856 0.3768054385145553 0.3135009887431903
0 124 0.7100974933873012 0.6775726935432205 0.5622396770645196
0 125 0.3146588399487322 0.2513973823997454 0.19836274588364747
0 126 0.6775463773370899 0.623810005115673 0.5353851978744641
0 127 0.5537793495713462 0.6777295035331159 0.4198420003497429
0 128 0.5700996649241996 0.5949990410398318 0.48074436902963197
0 129 0.10923522094870948 0.1341418869098643 0.12532831364821959
0 130 0.8266712134165206 0.7868419653153925 0.7353510307006238
0 131 0.6742489292253164 0.6281922216418179 0.572663153841987
0 132 0.5734557152301731 0.4664331329776044 0.36676339247527695
0 133 0.33852020973158015 0.3052498469792981 0.21112932214482666
0 134 0.922145256375762 0.8677008753897099 0.8233184135379685
0 135 0.4872994522031356 0.4629367633848291 0.43444028434533905
0 136 0.49205693054766886 0.5048907168967455 0.35915215111227833
0 137 0.15936913363357746 0.1574782213542379 0.15295117681031883
0 138 0.6052588891802857 0.5905785054793233 0.5246139750614117
0 139 0.44974627685753943 0.30645313464712254 0.22528910770048727
0 140 0.4500702127839496 0.4401473718412358 0.4346933702230298
0 141 0.269956441785342 0.2716433538273941 0.1413541149949836
0 142 0.37935790799834923 0.3405719267894423 0.2667666867016075
0 143 0.5560433775009971 0.5586628032036375 0.35002304623478864
0 144 0.40238901859057374 0.3678107061033471 0.3241418418230387
0 145 0.6899527716662706 0.6533724914326653 0.5270812720482354
0 146 0.3918099140377891 0.3364526214142667 0.24173512697742974
0 147 0.4734865512940819 0.5773618310622624 0.392812471337697
0 148 0.4484712951029393 0.4023146294603386 0.3115076768657343
0 149 0.4495697162277277 0.4307397218845149 0.4298052554269617
0 150 0.42001204392156444 0.4768426007126454 0.5460315624906524
0 151 0.5210641329603509 0.4560826070642054 0.3592967366422119
0 152 0.5275388382868414 0.4973229959259709 0.4440602819516322
0 153 0.5757681426865527 0.5374356262794314 0.5029382888148438
0 154 0.5769858253352002 0.6571086698080583 0.5169867274157108
0 155 0.6613789890025794 0.6038707143460256 0.5401866815080144
0 156 0.7285013921635876 0.673435021955627 0.6207462362771543
0 157 0.5741435130494473 0.529217329213119 0.4731559627405778
0 158 0.4369990569453269 0.39202308930805885 0.30608994515401716
0 159 0.4932736531553504 0.4723478455604062 0.44200680096459916
0 160 0.34321444040459115 0.3175039936362163 0.2905027214716791
0 161 0.48768687389799376 0.4411876042529894 0.39830212346046234
0 162 0.4908276688213133 0.44898645998060943 0.4062989343887627
0 163 0.5771378375699567 0.48188603502041655 0.3647203957080665
0 164 0.4080592292205392 0.5800158627613148 0.40157635431663297
0 165 0.5680195978036318 0.2684207361812506 0.15882304945123482
0 166 0.4792546687392882 0.5530410445993068 0.28429074242813074
0 167 0.5197376030959673 0.4849069991818772 0.49069146032675887
0 168 0.3909022792045784 0.42135566683464637 0.33471760876020373
0 169 0.47744578526318215 0.4418924186199562 0.40432403974247294
0 170 0.6488340192225369 0.5674276886144795 0.4793830824582557
0 171 0.5461078158431535 0.4941508072340256 0.25697368936424625
0 172 0.2803228725489443 0.2719555229507693 0.18954374998248505
0 173 0.46289904074072585 0.47695186506142817 0.43496149771823134
0 174 0.42859952834769777 0.5232677711898522 0.2567168021878834
0 175 0.49243238274094897 0.4449913598965291 0.3716463961197886
0 176 0.5735849634178862 0.48438088354374365 0.2818204732422866
0 177 0.28911138757592225 0.25487445026086053 0.214884232809826
0 178 0.45075312467955475 0.4250876649029973 0.3968541869519345
0 179 0.5559481399715878 0.7769168922230195 0.7855038160705103
0 180 0.7449574558793843 0.7448763476438165 0.7497490540493176
0 181 0.8475765923180951 0.7878398784559031 0.7246171760599123
0 182 0.5135428181808147 0.4499490368239574 0.3719703264945296
0 183 0.6871370274997489 0.607026675922377 0.5243683704740707
0 184 0.3231392249711833 0.3338294213573521 0.3588402060471388
0 185 0.5074567281616459 0.5020030578642396 0.4811457193799537
0 186 0.5677535150000456 0.5392341034061293 0.31889006640293105
0 187 0.38383050189274903 0.34047218816199093 0.2062592585495698
0 188 0.4122764721020718 0.41158690980180485 0.3761556071787272
0 189 0.44411752700065593 0.4145678483181936 0.3808339132814164
0 190 0.5170200522121304 0.4673251677397155 0.4047883608188155
0 191 0.557332200317607 0.49387975783269494 0.43311572708821766
0 192 0.7021909364660613 0.5776386058891996 0.5643265513620405
0 193 0.527933598308877 0.3065672013581226 0.2551459858697425
0 194 0.5503621964750334 0.5408158069654989 0.5310360470956568
0 195 0.7013189961878915 0.6820189690660715 0.653633449070195
0 196 0.4179791863118394 0.41048482855508556 0.37303661321201825
0 197 0.5737674449032901 0.48951522588029867 0.3866043256889318
0 198 0.5123494624463665 0.5195905825439654 0.5228767127808552
0 199 0.5618813595379304 0.5399853167548426 0.4630015426809366
0 200 0.5665452434969186 0.5504974275881044 0.5023602603325703
0 201 0.5714390171546544 0.6108461525520655 0.3588275986954942
0 202 0.3731447310366329 0.41254525765827554 0.3669079672179585
0 203 0.5936453091217977 0.589552721642084 0.6326694050400576
0 204 0.351445172191401 0.31714852613629774 0.3236360921467248
0 205 0.4348174029266346 0.42857103043796374 0.4288722388095896
0 206 0.4838950221519597 0.5053680974986575 0.3331730714453829
0 207 0.6319484589008096 0.5834029255032366 0.48023001407972815
0 208 0.49566467033228356 0.5041916563903913 0.5043067602426303
0 209 0.5297667167481365 0.5145992363330248 0.49127782980227674
0 210 0.46778694793005515 0.43632821252271986 0.36700125773190956
0 211 0.5522953647387592 0.4619967854789401 0.3581826186437537
0 212 0.4828780026084549 0.42458172761901125 0.3656529352227032
0 213 0.5260618655243582 0.4783518407330037 0.4727433067360402
0 214 0.6533885350871746 0.5691825754025372 0.4659431396242928
0 215 0.4096568622481626 0.37449527348428946 0.34912596847472444
0 216 0.49796763032798624 0.47598768147573295 0.4521075159351151
0 217 0.6584476847473438 0.5599747917742982 0.488882943913605
0 218 0.6279660795466727 0.6622839349602334 0.3792529605140284
0 219 0.48382863778490587 0.47982838797239935 0.41869777386241247
0 220 0.3533823397137987 0.3864389737322349 0.408063355313512
0 221 0.5742143007540327 0.5125277780121076 0.41071710207567796
0 222 0.6374719532522917 0.5959295704941572 0.5647702310548084
0 223 0.49883445744929916 0.473943347348839 0.3994842290185161
0 224 0.4050868509196122 0.46536043867604804 0.23691345179418627
0 225 0.45773190180367235 0.44096940818203517 0.43403342288961033
0 226 0.4799730479202578 0.41659809437823375 0.3788366110826891
0 227 0.4541892062135955 0.5041304546540384 0.429595854684891
0 228 0.35696355009174613 0.3856107837014627 0.5190872039176737
0 229 0.6155626613835734 0.5443343953237814 0.40946422444045766
0 230 0.40287970229247555 0.36221782250657714 0.3259661418677741
0 231 0.5395068055656943 0.47520299198403443 0.45056594190520444
0 232 0.4638462442608178 0.4532680470523848 0.44805227643003526
0 233 0.31066392998697334 0.3312001814325991 0.322042613429646
0 234 0.5562493263505975 0.4573912814991759 0.3740759087944089
0 235 0.5555242439629976 0.45030355453202014 0.3983209642849581
0 236 0.4164734640909995 0.5061563517748533 0.33634556640212393
0 237 0.6695694467748036 0.5449587043470395 0.4204010446661294
0 238 0.6396172469649135 0.6118928092481273 0.5185953677129691
0 239 0.46198584050004604 0.43918995265982835 0.4150587495197573
0 240 0.2754508489006229 0.2868566154868222 0.1996797900426182
0 241 0.387233419169334 0.37285264778425115 0.36668189317890815
0 242 0.5689046262040072 0.5786118418488309 0.5258144023312978
0 243 0.5016444221652391 0.3871903758915053 0.27366157547606673
0 244 0.2965009667793192 0.3041799417149187 0.3436018928541334
0 245 0.5092594007819137 0.5634952349326524 0.6210127742721245
0 246 0.6361229383840246 0.5367098991594693 0.43871812126531906
0 247 0.9088590278243651 0.8008739625320792 0.7836715270289409
0 248 0.6158151994647292 0.6384219955604036 0.6928294534738775
0 249 0.5141754009398863 0.5362267316204841 0.5158642645641589
0 250 0.22720322030708928 0.17738407584189333 0.13596186294283777
0 251 0.3312157189725258 0.3543863484014681 0.34211399166864
0 252 0.5638747451435542 0.6210623136469722 0.4051690682192228
0 253 0.5689157156228896 0.4531145419679538 0.3259215764519039
0 254 0.1837497003612251 0.1862617297738615 0.2432928299324291
0 255 0.3248706845373795 0.3472315707532551 0.18168093428114016
0 256 0.28987495089966636 0.6179312887930183 0.5436746350666911
0 257 0.44617951213353335 0.4319121887682035 0.40728811606680426
0 258 0.42685560243246395 0.399312739890185 0.3403463986227308
0 259 0.2207660557245092 0.2801624539987036 0.15873669417762157
0 260 0.542244204032578 0.4648745008634061 0.3694672825615071
0 261 0.22589686881950366 0.5352105714019474 0.6015879005678136
0 262 0.7141634255911103 0.6181549582216967 0.47308583353530964
0 263 0.32758165503458864 0.43425029591325437 0.2305290061844668
0 264 0.35887951548571045 0.30898664582590746 0.27823692884170625
0 265 0.6042125885803791 0.6012814054845186 0.5804059888915134
0 266 0.7283367926268794 0.6987901341258038 0.6387543337820385
0 268 0.5812786971077755 0.5598361254832416 0.5614273156593544
0 269 0.45216734553864646 0.4629934074390427 0.37659258886179303
0 270 0.4544778199666107 0.4374379260828778 0.410310854791827
0 271 0.5444548931519867 0.5306781528044562 0.48028084688226647
0 272 0.8688645756786061 0.8337309539757508 0.7703433143395344
0 273 0.41954405635228276 0.3930652379042824 0.3770382741547843
0 274 0.526537850126992 0.44014243757434646 0.30223079816711296
0 275 0.6697185810819924 0.6990263743301299 0.7748685528944194
0 276 0.3461912608941553 0.4307674149989585 0.4244760069191121
0 277 0.6882370151013664 0.5633095042778651 0.3410195045723814
0 278 0.5782598621374968 0.47338940334680396 0.43753344101724206
0 279 0.537849402029581 0.6033859965942887 0.5120818342801562
0 280 0.5091184774096803 0.5098772685302344 0.5228671059627028
0 281 0.5954354157362616 0.554871614716675 0.5114220034228465
0 282 0.31376415297885357 0.2924526959928453 0.257753560660387
0 283 0.6442494951705847 0.3973091057516674 0.1461523933379189
0 284 0.3315881937301483 0.3075585442850611 0.2884987876305062
0 285 0.38607887109277067 0.39119573841811517 0.33558637688768106
0 286 0.4718674441780332 0.46466246061915106 0.46388130069690914
0 287 0.5968556450873266 0.5675421923255821 0.5249289367380449
0 288 0.42808579022145904 0.4556161702681412 0.30905987350614045
0 289 0.5036899881232338 0.4602295879291041 0.2508635314878694
0 290 0.6508791151577538 0.6141986439119096 0.5779786150698217
0 291 0.42270615872564776 0.4949338259273923 0.6244608119653721
0 292 0.6799438546228449 0.6033347127985169 0.4892225784628196
0 293 0.5771720594137665 0.5006271781812928 0.4176860172529111
0 294 0.36215675307808287 0.3858661344491063 0.23257891926555482
0 295 0.5575379343080483 0.5165530773159253 0.4632331381171421
0 296 0.5109836579914738 0.5462822055235801 0.4436598573691949
0 297 0.2940890610659748 0.27631392460544735 0.2786087133833999
0 298 0.5523975282575224 0.46110663687600245 0.4103817653892381
0 299 0.44258246317021915 0.4962479670084739 0.28817780074520294
0 300 0.6650264770825199 0.6007482975109405 0.5614057184356568
0 301 0.2587711770942425 0.6135546237029649 0.7444398042325349
0 302 0.29227561018225906 0.2988001747144737 0.255731989304411
0 303 0.6978832380142205 0.6014911928037894 0.52261554311021
0 304 0.5177987963351878 0.5112068927401373 0.49117036722206925
0 305 0.3150736216487125 0.36349913351861857 0.3878602046988541
0 306 0.43811157723412747 0.41018954472097535 0.3407416408589179
0 307 0.3859076372097516 0.3868231103541581 0.3575074098202189
0 308 0.5511100876964471 0.5261906364374012 0.4834414979708926
0 309 0.6094288023364638 0.6829808931069473 0.3909381624567029
0 310 0.4319556347625663 0.4014658801164546 0.36354290852926185
0 311 0.4892759190839194 0.46183345141706966 0.41026713268658965
0 312 0.4902091305760148 0.5272790312077104 0.2784885942021151
0 313 0.39456411763815635 0.3583408870457923 0.14652205173561542
0 314 0.6980754047294039 0.6628110475856891 0.5300371782314738
0 315 0.5930443622624236 0.7467812516970546 0.5133809929923417
0 316 0.6665892890625733 0.5490092098754753 0.21674134394698444
0 317 0.48441373529152465 0.529892906502188 0.3123510669947414
0 318 0.8937088004669107 0.8819030031462206 0.8617001671084343
0 319 0.48777851554710494 0.4580770102906227 0.44549633799991867
0 320 0.12869865236228636 0.4523733276075742 0.6461702103850928
0 321 0.4116546249060068 0.40128628054228505 0.3871782845391155
0 322 0.6381287975451625 0.6422562851291045 0.6328537737880267
0 323 0.4148470108228395 0.40217906962889993 0.3958788597544112
0 324 0.51245364883369 0.5302630796259613 0.4445054905004472
0 325 0.5076240678972401 0.49953484659889463 0.4164001494434834
0 326 0.49793653710651065 0.5045465129466917 0.5148158609166038
0 327 0.47840933098650745 0.49394792675435056 0.5061658395037936
0 328 0.4644780105954207 0.43808584508061654 0.4190472405871997
0 329 0.46336919184479114 0.4538652941691916 0.4150986430562752
0 330 0.49050303346535545 0.3753968493005778 0.21341505742914502
0 331 0.2957029189419041 0.3497842124743888 0.2834990065817724
0 332 0.580116711416468 0.5081035109603506 0.3053433749062009
0 333 0.5097095894353337 0.5069021971828778 0.502760758839407
0 334 0.2970247136177186 0.35442649423260614 0.1984799476713686
0 335 0.13286907428793435 0.39556378354551675 0.4377487383921636
0 336 0.3824065853007302 0.40154043480701757 0.32810003234148377
0 337 0.5092138136131332 0.4984011149806863 0.3754439693586456
0 338 0.9214030071808219 0.8996565704084732 0.8590677434123056
0 339 0.6338781770923155 0.5682797147477125 0.5633082526404044
0 340 0.13389543676358653 0.5572918108152847 0.8324165699098259
0 341 0.601460525877849 0.5480810522631915 0.43031917358204763
0 342 0.45306522517775016 0.48746448375858226 0.4309674003754915
0 343 0.2610906905648968 0.2500355134026908 0.15423037450336743
0 344 0.3623843523331988 0.32669124758013957 0.279959842585061
0 345 0.4549883299531538 0.43635621706989236 0.34692402960870017
0 346 0.36105809011385126 0.33960188420343806 0.3072075437973372
0 347 0.4515744372028768 0.42453130856784255 0.23897318835135048
0 348 0.674912454677558 0.5154316707400576 0.38515913379304695
0 349 0.6127050570946301 0.6018321589991079 0.5967527949594786
0 350 0.39313162899269394 0.39132257724439745 0.2718577363197545
0 351 0.5958583741096516 0.4706236627226883 0.36667930507122043
0 352 0.8718439524869346 0.8315110806662933 0.7915892876287999
0 353 0.41583549247371504 0.39672186936758747 0.32781986058869045
0 354 0.16530818241560627 0.199255363339789 0.17626610284469327
0 355 0.42300185581304056 0.4372520860081461 0.28682459811642186
0 356 0.27201699740949964 0.24944158783570872 0.18390837359611453
0 357 0.3416407070033382 0.3281272388212761 0.2515776807614581
0 358 0.5699621089287654 0.5429705622300781 0.5271332629387266
0 359 0.6555643514587699 0.6121241001590434 0.5618647339157238
0 360 0.7259577812204204 0.6475536118003467 0.5868554804807937
0 361 0.3471099802459187 0.3537007139593195 0.33825842574343834
0 362 0.6381875664360969 0.5865321886575694 0.5324149225707742
0 363 0.5357406366722222 0.405781529407848 0.5823189320267941
0 364 0.3880361095253069 0.39411311588696346 0.316116353879568
0 365 0.21974886135880825 0.41979782645077274 0.5304013011848205
0 366 0.3225297826055501 0.3726145218878653 0.33641891444710076
0 367 0.591996345649762 0.41514732375559005 0.2590154564665009
0 368 0.3776931050243238 0.3701832213611233 0.3509096111196437
0 369 0.4058390712780071 0.384324441100626 0.28599232530564717
0 370 0.617088740116073 0.5379987174567699 0.4018966603431808
0 371 0.5527235716864144 0.51147735557354 0.4715547093505794
0 372 0.22993081324975828 0.23652517563005168 0.2490017974328717
0 373 0.35132292283226985 0.3123294259283026 0.3466219363861912
0 374 0.39032554878947556 0.38568534092577467 0.293171748148567
0 375 0.4857824494986953 0.4663672031081488 0.3876031438506847
0 376 0.4408860883602038 0.3760853427346729 0.32201322235304947
0 377 0.6615140162326055 0.5025738184245963 0.35381385237188145
0 378 0.4693194519387602 0.4211984324157451 0.32172372763119494
0 379 0.4676363232608508 0.38095472750412407 0.2767932849445574
0 380 0.5254362680761805 0.551865040366457 0.42980150674940204
0 381 0.5989022018659892 0.4768776091496577 0.4075714896252234
0 382 0.48448924903872714 0.49012508586601483 0.46093369266594214
0 383 0.5663253368569778 0.560685154254812 0.5388529897269773
0 384 0.3440756996773609 0.3238954454605879 0.23636998162065118
0 385 0.6586112429868932 0.7235053862295884 0.6853052084163618
0 386 0.03962960639841673 0.0362024596521467 0.03493263118961336
0 387 0.5882664705180962 0.5585797140622119 0.3456796663323747
0 388 0.43677606702560107 0.33210551730107374 0.17932352725929382
0 389 0.2695792989030652 0.2789254739950784 0.247894761004683
0 390 0.5061175800777391 0.5218571816152924 0.39218162855334104
0 391 0.2635755638792917 0.2731182701969849 0.15695167884382982
0 392 0.2834765743524834 0.3137201804929954 0.2617710864372586
0 393 0.4340930017559014 0.46881279748394666 0.2706726097437973
0 394 0.48366444080766974 0.44686635450881923 0.20054805996271488
0 395 0.5065243222365946 0.5350406974264115 0.33503548846186026
0 396 0.6465478984590551 0.5886834692444824 0.5345229759830153
0 397 0.41146775908103767 0.37302766681354804 0.4021139064066593
0 398 0.5709013989308181 0.4967723686630177 0.4464617895077095
0 399 0.9004921134026 0.8884483989211797 0.8851138227285575
0 400 0.40158473185487165 0.4880348364237713 0.4261698464487175
0 401 0.4698589254294943 0.5056136454278303 0.36788901026295767
0 402 0.42522836834369 0.45772719278650453 0.4006968108704074
0 403 0.625424532798059 0.6130143374712905 0.4357394205984224
0 404 0.4067764262348605 0.36102090003205994 0.4704080746762585
0 405 0.5608638062287135 0.535103630574551 0.38809935614825314
0 406 0.32623599401692105 0.3398413094206618 0.30211333157652465
0 407 0.9122849533304415 0.9138831231324195 0.8967332630427212
0 408 0.32082946246435695 0.6653631404774673 0.7626041537893778
0 409 0.9202179227436879 0.9202179227436879 0.9202179227436879
0 410 0.371096044442325 0.5844616349124231 0.7179097719879773
0 411 0.5157456920978761 0.4896093045825071 0.44592512116658983
0 412 0.6094747919063823 0.6511222028265583 0.6281904385548884
0 413 0.5199942382986784 0.4570727270959601 0.38576943661220153
0 414 0.4795900835568738 0.4292792183403895 0.4040966485216752
0 415 0.3501913802366669 0.33627065903337927 0.31404674648748954
0 416 0.627272339281854 0.559690392222179 0.4411265337331309
0 417 0.543487506032222 0.5273630579180035 0.4972118960507182
0 418 0.6349583287471046 0.5627223721885279 0.5544541031616916
0 419 0.5683668546752718 0.5049052198394332 0.40614640029428634
0 420 0.2846629211987263 0.24402090188976117 0.2570010090864076
0 421 0.4708543685727785 0.4598020632821196 0.4526558436593182
0 422 0.3828897726058772 0.3367722786692255 0.28451048629111936
0 423 0.7189236858391436 0.6562409850821191 0.6119134595246187
0 424 0.615382453276054 0.5736287834671726 0.5222517243685579
0 425 0.8446574742212164 0.8380432686003945 0.8372716954517464
0 426 0.21375146485310387 0.36256049714102023 0.5470346041941379
0 427 0.4060005510497795 0.4389428740749862 0.3305278488211008
0 428 0.600961810484077 0.5989398079038938 0.6374494009023595
0 429 0.21935982060428527 0.2784472722160054 0.18077654090422857
0 430 0.7019313355404868 0.5801786430913258 0.4146249804916136
0 431 0.47424852618001323 0.46742681550952847 0.3039152047750108
0 432 0.40520547321689687 0.3886356546783768 0.3700377287395462
0 433 0.8951996661556442 0.8892770915326589 0.9117208638012129
0 434 0.6333401492182037 0.6460246584549524 0.6618238473962164
0 435 0.5363787579267875 0.4905293917799847 0.4472789145932782
0 436 0.3399209102226637 0.30471511787393807 0.2640712447480341
0 437 0.3706554551045482 0.2884322840391571 0.23582325853086641
0 438 0.47201808033917836 0.39651975071233564 0.3464034994670802
0 439 0.8119713742387734 0.7566222934584178 0.6280018729618053
0 440 0.605478507522207 0.6007786175498595 0.4212482755111626
0 441 0.6231234730157991 0.6462336556586205 0.6533712965941322
0 442 0.07517308925652176 0.08888586122649596 0.09191802472974465
0 443 0.4490975905343472 0.44817418313977564 0.21349008673846087
0 444 0.4713391996730581 0.4640213431749798 0.3941433495904525
0 445 0.5315191363242694 0.5565907939642855 0.5600337866513246
0 446 0.6472335813337787 0.43944532036024014 0.25011569579920984
0 447 0.5859399289686937 0.5182502283981426 0.4353444562564037
0 448 0.4165077335581644 0.3485632162032989 0.3125164933252195
0 449 0.4118489663033275 0.3599573261268307 0.3452579694952683
0 450 0.46091751128804465 0.4304985533562023 0.2837816613463234
0 451 0.5653552814301798 0.448592544523419 0.39595445917207445
0 452 0.486590756389233 0.43020407149654644 0.37564589334565557
0 453 0.4861670088630259 0.42277992821328114 0.437301365405007
0 454 0.5100998064316334 0.5743759999439677 0.3288184206218188
0 455 0.459038521602547 0.4389528899908951 0.384254614302004
0 456 0.2033183162007018 0.16484370626174796 0.12038457532333458
0 457 0.5772260743023404 0.5827182200663211 0.48243893361982276
0 458 0.48873997365393074 0.5098209088174627 0.47333008191743153
0 459 0.3651861483348989 0.3561295635531257 0.32492692806191303
0 460 0.45990154139211725 0.3771746499129815 0.3631786994871518
0 461 0.4201811109272088 0.36161659965991017 0.36188064879888265
0 462 0.5503277011904242 0.4508737117906969 0.3315583843952972
0 463 0.3451255684678966 0.40765953387582 0.44458501723793825
0 464 0.39323755019621287 0.39500740359549796 0.3625061582860303
0 465 0.1845435026072558 0.13592355067009956 0.09126208246585069
0 466 0.34602924241097704 0.33240146747531574 0.3387860504220099
0 467 0.3807655970773458 0.37830639876122546 0.36161589182031123
0 468 0.5003129672845137 0.5865786040483028 0.7107535148017967
0 469 0.43422648530989727 0.4606036515770338 0.4974203722485643
0 470 0.7080759038093478 0.7787548768977208 0.8604238969686366
0 471 0.5069653905423123 0.5013405432172173 0.427147012118603
0 472 0.46365838334383624 0.5023279414936296 0.29153212717482363
0 473 0.8847370009717467 0.884787384373471 0.884501050788526
0 474 0.8275914551999262 0.8029015906340101 0.7893065646248666
0 475 0.4580960232182842 0.40498352443079083 0.3367842774946482
0 476 0.4665811419869398 0.38582821888535357 0.33341672361571434
0 478 0.46931867316124115 0.4639799372478756 0.40732803674028734
0 479 0.46250470231631885 0.45959092909543786 0.3819235342318123
0 480 0.9115008987585878 0.9096794436210549 0.9138613109192205
0 481 0.5811067877205457 0.46868910318481954 0.4179620961627824
0 482 0.5659759025082282 0.6097712636634802 0.654459630909613
0 483 0.4216498994413207 0.4472352068851624 0.5623329454857013
0 484 0.4546476636503141 0.436236341571297 0.4514232757558314
0 485 0.758297323986557 0.8470598840857786 0.8695657920963663
0 486 0.33942006770857774 0.3076060769846977 0.24005909936320685
0 487 0.7214034750369199 0.7179662923173697 0.6902005554222289
0 488 0.523381952221587 0.5793671740063867 0.5931957214290154
0 489 0.343044673715182 0.33486938389191834 0.31698878477277753
0 490 0.667198296918312 0.5993250285906 0.4941964150347396
0 491 0.797662129949914 0.7839426988686594 0.7886569557718174
0 492 0.3309997482192667 0.3245752898605092 0.27063413887513754
0 493 0.2884297338482907 0.318398772762767 0.23791235706734282
0 494 0.5403020341536053 0.3861924453783919 0.19351255304884304
0 495 0.4747962952298785 0.6013585251986006 0.31868845481590835
0 496 0.6167460076421892 0.5900773284656151 0.4164264246375828
0 497 0.6140863855964606 0.28951509255482066 0.16914757011491588
0 498 0.8000861856809671 0.6285475870386042 0.38455150656382614
0 499 0.5480590384120754 0.49933318441512387 0.44364945073865464
0 500 0.4293764145920928 0.45521270938034436 0.30307699897767737
0 501 0.11345949207145678 0.1959340838373422 0.26717903669011656
0 502 0.9417403426410879 0.9374557904113721 0.9357579074635587
0 503 0.43816435217650235 0.358054294696687 0.30465591162320393
0 504 0.5540014358008625 0.5029240856456348 0.3867164531614475
0 505 0.7573909869930703 0.7056343755851368 0.6756119893454061
0 506 0.6140809701809606 0.5280304729620401 0.4067987921005407
0 507 0.622108031152357 0.5397559966140939 0.3688436507807958
0 508 0.4579800328422604 0.4538794913450581 0.43471261845114273
0 509 0.5369178452857117 0.5208100033702886 0.48994204772524597
0 510 0.11712454709744662 0.4017390085098942 0.43415438220844343
0 511 0.48714158018154996 0.5095218617951789 0.39024877153512355
0 512 0.603435758820563 0.47413141836087613 0.3532311445776721
0 513 0.7558975599176887 0.7507355909351382 0.7365073772295189
0 514 0.3530912340662752 0.3576511087465458 0.22494906271578197
0 515 0.7070965156946994 0.5800490432949449 0.5047103861813528
0 516 0.5813221998975756 0.5861914049788541 0.4272486366412434
0 517 0.4545200858254784 0.5271248092923064 0.23026420723539293
0 518 0.31718850670220783 0.3517929347897956 0.27467575509054365
0 519 0.41528383140731434 0.498722796205171 0.5614243680139326
0 520 0.687056984511708 0.540877426260538 0.31310291936853296
0 521 0.40395292748414224 0.48411438170885895 0.302595607183025
0 522 0.33160555198683345 0.48964467198810224 0.5019561669430914
0 523 0.10225273480357573 0.2608432667950183 0.6782792562704344
0 524 0.534010996376275 0.5126256073058305 0.48910811706129315
0 525 0.41886057176152713 0.40549761945842705 0.4023677275084089
0 526 0.3675995038896384 0.45458094753978806 0.25794162467121295
0 527 0.23567919380289018 0.3769431413028235 0.3102660886921653
0 528 0.26954259960754706 0.23709196397940732 0.24651855171675527
0 529 0.5746083658309925 0.4879933417115274 0.38502036973312775
0 530 0.5786594283490114 0.5765169211247785 0.5391408779061195
0 531 0.3874539630725379 0.35595326040384556 0.3263279023300659
0 532 0.9496135023721631 0.8324970849623728 0.604685846631384
0 533 0.6391308141606178 0.510946769522601 0.4002036607463678
0 534 0.5454875560131905 0.5309176650885764 0.4570483550205275
0 535 0.2927539321037333 0.3250994430701109 0.1822662794672364
0 536 0.31566971513364694 0.27822457977446613 0.2614705228057748
0 537 0.3658273727749267 0.40413935647141186 0.3288485482186907
0 538 0.4640731880989079 0.45477613717325166 0.4420321598909628
0 539 0.7939015720896951 0.816170874944334 0.6678009287697498
0 540 0.5483455301084905 0.5315172094672624 0.5200748579276381
0 541 0.4523037111994252 0.4409358952087441 0.43699285457143605
0 542 0.890783817572504 0.8564577879079132 0.8498920481389504
0 543 0.5371819603089261 0.5469106863992323 0.4746616663531929
0 544 0.7453087531942729 0.7391072924451764 0.7344775734702406
0 545 0.4932609606069959 0.4727232185620892 0.45798516976165454
0 546 0.20410855482639947 0.3319036356550779 0.2855735565269405
0 547 0.18152423885583605 0.46577949560881954 0.42424907152165225
0 548 0.7853899739830071 0.739478069761698 0.7141429463320064
0 549 0.6868998176551667 0.5902774921375122 0.3839476966222931
0 550 0.5818234062866411 0.5170461232343628 0.47734178271545186
0 551 0.31453691333582573 0.31849096890117173 0.3306728922567608
0 552 0.7016692606796859 0.6368345489307594 0.5253428012263021
0 553 0.5125166033313444 0.546199289609325 0.5172665033648262
0 554 0.3973631887678629 0.3738331185761579 0.2940689895238859
0 555 0.7120694343831555 0.6708917965235676 0.6191494364585934
0 556 0.45260432653947424 0.4279238214797361 0.2626899353088604
0 557 0.35129467608325216 0.33604160408750344 0.367776346927838
0 558 0.4603598799816668 0.44275570416859966 0.2987393567559818
0 559 0.49539244023302303 0.43404313717227216 0.3638060488995685
0 560 0.39065082552098196 0.41381453532992385 0.29336986731699577
0 561 0.42929437854659663 0.41889026368230065 0.43016822188236115
0 562 0.4578209296484689 0.43455396150468256 0.38637439241403376
0 563 0.3877197300343153 0.3832261204505662 0.22171116792669043
0 564 0.6268466063260031 0.5431804235348183 0.4328443794157744
0 565 0.499943706465076 0.4669283780545972 0.4540131818804446
0 566 0.6103552572890464 0.5717850262095312 0.5188518621379227
0 567 0.3762308224753529 0.3956987963445964 0.2512567082577127
0 568 0.24399773194326554 0.3045278704914695 0.14449168036513496
0 569 0.6735213544437219 0.5852881042455633 0.5387824451303967
0 570 0.39764106752700595 0.44518717391312596 0.46810326861814977
0 571 0.3776532045087979 0.3443595655161571 0.3171956891342849
0 572 0.2169930076098431 0.3921302259970749 0.06432314197879248
0 573 0.5003742713511939 0.5019394156487723 0.5097776358265623
0 574 0.5014913958103925 0.4666474361093309 0.3360817024616997
0 575 0.5322170323830056 0.6165955054195643 0.7193704871047082
0 576 0.3811754237209382 0.271887696526093 0.18938488074538265
0 577 0.48556878560494665 0.47080065894440215 0.4090042822841412
