0 0.4021684480198063 0.25554692211640795 0.2601611071062638
1 0.3343161906312261 0.4021110753739035 0.5396189880242207
2 0.3743664711189332 0.4718267046318758 0.5594648125555267
3 0.45621055432589974 0.2941851205786812 0.33036859579914124
4 0.4649069162021157 0.3280737132763639 0.34513655745342947
5 0.44759868121010754 0.3519491978627388 0.3786110563792165
6 0.016912364744971167 0.08489973202222846 0.16136067555199243
7 0.22491637856006552 0.3371620026285018 0.37404935798112154
8 0.39999899607838274 0.3895025558508871 0.3897336742999572
9 0.25362111213890787 0.2581483754756452 0.27690666935122304
10 0.29883492563466363 0.17650987320640715 0.3820057114069701
11 0.17370248526792756 0.2500056049745654 0.3320558073756168
12 0.25220382379192846 0.39956133945843053 0.38162213593947025
13 0.17517281367691917 0.20733647383074494 0.19146478808332948
14 0.23621685470406384 0.12240134700237837 0.10769800486093872
15 0.49280052508636824 0.447947446404661 0.3714487234800496
16 0.3645192729498473 0.38311515142232055 0.38512643262236207
17 0.4037874415753709 0.33198691802858676 0.32432532279705184
18 0.4166520161784461 0.4861468319852671 0.5095409944869488
19 0.528611510531794 0.473134125619085 0.4806865144536865
20 0.3645228169158396 0.3720087622186756 0.3379501331203605
21 0.36164087258549865 0.3271567424957137 0.22643845570938234
22 0.4582072607141118 0.49942512669465333 0.4552072614879273
23 0.19499083183639665 0.11624377204072403 0.11298664071299566
24 0.510928367547142 0.5371611348717066 0.537098308087138
25 0.5013296055902022 0.40174116082826883 0.4128489486176244
26 0.3905630131862859 0.277345083801249 0.23679754672116202
27 0.5224418548936505 0.42885436361120177 0.24580352073518805
28 0.4847937023828152 0.4582228865945291 0.44386632813341764
29 0.5473999245944481 0.3805753177703114 0.35217098901768135
30 0.7121275296489399 0.6282897431867693 0.5427961929951618
31 0.4514781954408713 0.3740247706220849 0.39042290932692225
32 0.35369441955853187 0.4531602950938638 0.4673833856158975
33 0.29322818995307404 0.3977618181777469 0.5230889734252178
34 0.623424017410084 0.44825965789864786 0.3768808131274796
35 0.11059973210210676 0.150053757283485 0.16107085181314482
36 0.2360580666061707 0.3414853114203797 0.4202674314050624
37 0.5399129347039066 0.1904088464839048 0.20096382388265274
38 0.3873260614576549 0.23558694272634664 0.232934583275046
39 0.2506474712044271 0.2608855249283894 0.2531421825875963
40 0.27020534216812736 0.4369384090581315 0.510496007393384
41 0.27392336281960156 0.2791045400191778 0.3292367051884873
42 0.5112526648539102 0.3737630940441824 0.27665838086568484
43 0.3108206851062966 0.34432399795455065 0.3335844666175524
44 0.42214542158961826 0.4791047614736391 0.48134215741876357
45 0.40716631737458164 0.23765370904472893 0.2232486429581347
46 0.4645002413738381 0.191668075304099 0.19401167242836473
47 0.5786290225461697 0.523169177171214 0.514139622102802
48 0.8687558955309793 0.5014430029263575 0.15090088323370104
49 0.41731119195454264 0.3768852200662597 0.2605046413256011
50 0.3595872178764774 0.2872263182827959 0.3494993934010068
51 0.34908689445280644 0.3260882593754955 0.24708009409384318
52 0.4094939706380163 0.3821469361994461 0.5304915208183951
53 0.2283665861868729 0.2795056979911907 0.32774832717648733
54 0.27133848933233384 0.35432353689886276 0.3288157017690329
55 0.18510849598046505 0.20683556136506692 0.23052030686088765
56 0.48554190000857195 0.3224006228030921 0.37515954813974556
57 0.12697417915785789 0.17167939452303366 0.16687446350232887
58 0.1539677326763794 0.3413575826903561 0.3638574746823493
59 0.3347754019466322 0.36863492400935116 0.40778749194119285
60 0.11608090342500281 0.1297194512989117 0.13533799607823638
61 0.6627759751735106 0.5656162560105473 0.5799752210554927
62 0.20054782577257627 0.2270537399535991 0.2942207057717917
63 0.3419780029802648 0.28388767354145317 0.2741960889430113
64 0.07075628314424098 0.08254476688681628 0.0990290342201203
65 0.10092035604688 0.2191408324662064 0.29463901739604403
66 0.6571692985073316 0.6739004909555473 0.7546339653122408
67 0.46216373278215034 0.5745932269110737 0.52449932262026
68 0.30168792304520947 0.20992988202777496 0.16131543186531278
69 0.4003347813616252 0.3546829373705649 0.32665276058423975
70 0.48884602520545545 0.09146047903536096 0.1171856778813526
71 0.5153196726870526 0.4798607106599713 0.46672991476002007
72 0.11726138971372828 0.1371367738306756 0.15345389279455804
73 0.41623284469662786 0.3269395725099144 0.30261290524458584
74 0.6794230767212808 0.6715610048815641 0.6627850261955043
75 0.238078164012584 0.17586083079659845 0.13560647145377258
76 0.566571676463142 0.47697569008850305 0.5700855278991386
77 0.29434724150097913 0.47149844496908305 0.6136685355902181
78 0.43993249940000373 0.3902580501700052 0.4508755925183416
79 0.5922628538330499 0.5058802432379229 0.43858065364340515
80 0.28430778047803745 0.49084068604045616 0.5596168301553988
81 0.6272468511607596 0.39588187782202355 0.2160630914103327
82 0.578664275042286 0.5378552578238136 0.5027543343642478
83 0.36147480342129445 0.29904961103694977 0.36792135659369857
84 0.600779170496147 0.6016337707745775 0.5390135450511359
85 0.3302090200361928 0.32222407990685914 0.3352751650886364
86 0.0969549936939744 0.06496531636148588 0.057013347883452394
87 0.7168845972916578 0.5183134445334225 0.4720713392884095
88 0.2283665861868729 0.2795056979911907 0.32774832717648733
89 0.3800981250077238 0.38659319662855374 0.4383266149127852
90 0.399588153136498 0.4822329488965958 0.3506023478528097
91 0.7390537429906527 0.616364663607495 0.5317510139100287
92 0.5721408735001892 0.5541247362215485 0.6914865659184203
93 0.4457147502270062 0.34549049705207097 0.31111743874132386
94 0.5956409219571739 0.4035951847552409 0.08762730662656831
95 0.3059516580575184 0.33037163775448114 0.36489247669475416
96 0.7403715133017145 0.4518910062973062 0.30264040900660183
97 0.24332007125890087 0.1715743428936611 0.237580046944451
98 0.416381459979043 0.5245657725267909 0.6047705594286369
99 0.24418399370544921 0.23351672165015175 0.29077447468975615
100 0.48234836782457224 0.3223926050136866 0.17235825975412045
101 0.654637911913226 0.457339775423869 0.24798198622820838
102 0.4789772355147764 0.3156633040345565 0.2266603416381529
103 0.35810981133837616 0.34396731666270797 0.3322741159432041
104 0.7096994716573605 0.720476681982508 0.7271978973366762
105 0.3155743971402621 0.20591414766559835 0.19234140471326064
106 0.7052393477504104 0.6096768065133988 0.5698524293035417
107 0.278804908071119 0.19372927224719966 0.2954185044376354
108 0.15815138601973602 0.17559409074602125 0.19998874210542006
109 0.5128244058458354 0.6425344851827042 0.6670195837984314
110 0.15943836301841904 0.1745732392292494 0.21101760127592242
111 0.16785583566516943 0.14399042972186166 0.12412291527260062
112 0.6521599231523773 0.6134848034726508 0.5974242339825465
113 0.6571692985073316 0.6739004909555473 0.7546339653122408
114 0.334363346006111 0.3202135117570546 0.3052986666656451
115 0.8124153506134335 0.7741848289621873 0.7392335593164487
116 0.5443544646916999 0.48826169193876806 0.4249195522801449
117 0.6558491471262161 0.5914391711164266 0.6008160773957483
118 0.3414746502377013 0.4258802360038314 0.44654199851631515
119 0.751555414955485 0.6219953232910174 0.28737010157871545
120 0.7405465819309505 0.7277952916304633 0.6718125957537467
121 0.5282211846361309 0.5322228796815276 0.5717585024452061
122 0.20297727186549952 0.2501950787026639 0.2964551489554205
123 0.2839224087877293 0.2585427567030089 0.34000311154696405
124 0.6121964642960227 0.6322825309557064 0.5956642240274829
125 0.2511617344924071 0.2450796765505156 0.23282913165073563
126 0.5591699372462325 0.5292820635100784 0.4565744758931134
127 0.7032986748994006 0.6570268863606351 0.738694959444817
128 0.27729905865705123 0.3351639819729942 0.4309623498327203
129 0.47844650114526005 0.40862549186712477 0.37830924561166945
130 0.24191835087068037 0.20354761269486746 0.18366608181531813
131 0.37966034020207584 0.3298744345058369 0.26019313606138555
132 0.29650662370165626 0.32862362727302785 0.3010763272526558
133 0.6219968174736917 0.6529676272162004 0.6217929217852856
134 0.304935344312505 0.3639997739722773 0.37000160828047823
135 0.5558523149263548 0.5637504574432002 0.6358056450949314
136 0.7218301947721457 0.6087768298263051 0.5225127582396217
137 0.6479851675864386 0.6123821610262618 0.5784585004464723
138 0.4807606156769429 0.480134752647482 0.47844863918964764
139 0.40544782806066837 0.2556467903960932 0.22533406720793983
140 0.4267105640798241 0.42704321110144433 0.3799965956911144
141 0.6667120092434583 0.5748219694334308 0.5215767790329754
142 0.8793147439899337 0.7330585770940705 0.6488138483644075
143 0.6451584151659454 0.6256791311743303 0.6122771152078265
144 0.40266701966176555 0.3896843013466587 0.5611552847091753
145 0.23264555380540355 0.2076967291227502 0.3641983883445926
146 0.6166780250854184 0.5880451501686188 0.5387972904636265
147 0.48407221002193745 0.3937765900652695 0.4509709996822006
148 0.5024877386775859 0.6009390549695616 0.5923466624513726
149 0.3326292191991079 0.22128090154308575 0.1842103793200863
150 0.05444238305392986 0.05236011724100034 0.050877938586301
151 0.48129347213504153 0.4072889315326083 0.34633248645508014
152 0.4581975697654222 0.45786490032221383 0.4359929628439568
153 0.781473373376072 0.7924973268981991 0.8178920565217677
154 0.7381774306732017 0.7264279393015671 0.7301797849712975
155 0.7108416816567842 0.7300752553864128 0.760525643521772
156 0.44799470947642156 0.3420349871628103 0.46511505119371815
157 0.1947908872277302 0.17614972509330376 0.16644814026903673
158 0.532616748443712 0.3438198866853767 0.3007190045966061
159 0.800407883550101 0.8003381427672559 0.7828359680908602
160 0.5983899203822006 0.4057072043954233 0.3169029738695402
161 0.21267795431206507 0.21929622875825072 0.22351149950147
162 0.11300036657352863 0.13791932352144007 0.16692492949944987
163 0.7285388930019936 0.5333207025907727 0.6056402671151367
164 0.5276437209475483 0.4362030902164343 0.4195405467622152
165 0.23964216257191728 0.24279673824675072 0.4332575910888069
166 0.2180216015743568 0.4104286143241105 0.42300813820104194
167 0.6665646666405888 0.687113189989848 0.6323592534554072
168 0.4962499803591296 0.447568316904746 0.47536590187361094
169 0.10043704721628376 0.22533264213470366 0.28486032102511233
170 0.46912552266222873 0.3339973776173841 0.25290158391728773
171 0.21891795736173755 0.1757246156364996 0.17112871541558092
172 0.2894510673787926 0.27488378038244005 0.31896655349181546
173 0.17185135041042404 0.3521662753511672 0.5081755439544986
174 0.11304075957677835 0.3000675414195361 0.34256653265626924
175 0.4156373787821846 0.3777643802991606 0.26745256416483376
176 0.6016772393144265 0.5602164568804849 0.42449649617930474
177 0.1842031485181832 0.19087081669954878 0.2403366211260424
178 0.7449097940549789 0.7480983180958803 0.7342466349966702
179 0.6992319282986497 0.760374837424766 0.7548441145957062
180 0.7948661927490728 0.5636656105940903 0.6409506537519486
181 0.3786169788275227 0.5290186774787177 0.5816284656609121
182 0.5630212877251082 0.42714802867018736 0.324551464706684
183 0.06906443153258293 0.18059413736302052 0.2099224411391152
184 0.5954372482685374 0.39275919592722364 0.2082563584613139
185 0.38222164988467344 0.21691333248138542 0.40802540733728204
186 0.3221532821241534 0.2882526430486542 0.25153377554506295
187 0.16178452042539737 0.18358574774705563 0.16692045105129566
188 0.49471219935439215 0.39307223889111437 0.31582017369336784
189 0.7311545976865869 0.7311609147833197 0.7311591403179831
190 0.6319421069759966 0.5918120217859784 0.5197522049970834
191 0.4524832216048137 0.267736375575463 0.2256174978249212
192 0.5649719799283085 0.5874100868242447 0.5780772787476934
193 0.5711497462549532 0.6536799786024341 0.6635809189624297
194 0.5819415723926714 0.556842658667618 0.5356221236622685
195 0.7353965337270025 0.7254780430337444 0.7261820088850252
196 0.5895159283818714 0.5970765875940677 0.5968617958276924
197 0.6753364260145953 0.6558502057718191 0.6629913860357873
198 0.15981133212993986 0.10518445077111944 0.10546497739914805
199 0.6415797070357165 0.6336165641801175 0.5985779700746188
200 0.34303358775945036 0.40631112025053134 0.7014146512679411
201 0.5478102326010615 0.3804315057996719 0.2895162592153152
202 0.6596394836250626 0.6229009725456934 0.5912001183502924
203 0.2677266027050883 0.2942559384791058 0.3269337227776118
204 0.2938347782822604 0.22821406165925442 0.2404974790656143
205 0.420041242525133 0.3022376704861915 0.2810593366571975
206 0.45685634222394594 0.3341315979061441 0.33808080465156615
207 0.6791940245960424 0.6143062864947835 0.6032996655632166
208 0.5431817748701161 0.5485798367444995 0.5393323316724893
209 0.18119572234174483 0.20894817009060482 0.3510931769532775
210 0.4331911407414302 0.4812464673728738 0.5180303108981401
211 0.6690003437271906 0.6562825061182858 0.6562481686972688
212 0.3081877944710931 0.29660384324021993 0.26629619183806913
213 0.12047117588564073 0.14234194370486225 0.15283048212489828
214 0.7308991921294152 0.7611350135373861 0.7783608326960937
215 0.534300898383892 0.4680111427677117 0.2721285758800331
216 0.41952535429185817 0.39240908790286816 0.3720221545683481
217 0.0742274721907814 0.14630882954981558 0.281269292299807
218 0.625781276590623 0.6111743760238085 0.5620185166895557
219 0.3796049068755789 0.6098833686276158 0.4726893823312837
220 0.49756750425383917 0.4603707571717984 0.47738843738161046
221 0.5680904442212097 0.5617974462180163 0.5600021412981566
222 0.38025799608002414 0.29045774177939426 0.2615107527264742
223 0.276332497847501 0.2094469767312002 0.1736410790335318
224 0.6168911611928932 0.5341513208523825 0.4291821720553643
225 0.33009769749319345 0.24571723232610587 0.16261543337554782
226 0.4401916561471998 0.3757431850094042 0.42631246314961846
227 0.48383831350226514 0.4120513504530183 0.29313926295272436
228 0.33312338905253563 0.5907802822291677 0.4253126051223177
229 0.6494525575284376 0.7235613671795321 0.665525229473712
230 0.8097783006814383 0.7891285086250206 0.8013191717886641
231 0.79564927472541 0.4069248844625894 0.44263128939234236
232 0.6587422407570479 0.46966909608674756 0.460642422352288
233 0.4348836792758659 0.3966172730032505 0.39026073111001675
234 0.08585871135777323 0.12909058718956626 0.12686098168995832
235 0.4789883581663253 0.43071244932314534 0.44793478993763225
236 0.7686801227963512 0.669905480568642 0.5632548672501713
237 0.6849501323050192 0.589192453390736 0.5218419437070427
238 0.12288754996012358 0.22726341694560417 0.25445232501686005
239 0.5290748572536748 0.49872860365244076 0.4732802554379161
240 0.8858449273983564 0.8311317018059594 0.196482468072625
241 0.45613513369760605 0.4799950017956629 0.5020130143058368
242 0.7735209083068385 0.7742443770002663 0.7473101635279152
243 0.6523125343013351 0.5837581200145942 0.5911352036172961
244 0.19487001587803052 0.2022310555079742 0.22043356995248578
245 0.42291546153898407 0.3865963528112762 0.45172500039953717
246 0.35590585073361247 0.24972248699043648 0.27107473349609
247 0.7138387789208027 0.6837112192500217 0.6158890241574725
248 0.270152069819889 0.22986551257479082 0.48815335501725166
249 0.5224208414150734 0.36885962093404423 0.31231104854603614
250 0.7241606647376242 0.7325832175979774 0.8044909808123654
251 0.5552925445161042 0.32013392433244797 0.2992211426644248
252 0.13526630287934346 0.18478978244111038 0.26897059454618566
253 0.4184469461955774 0.399538626961159 0.3794025137176148
254 0.08718592608358942 0.13493607101035607 0.15416441986463766
255 0.572901387023175 0.5298560198241393 0.5036620063990748
256 0.6270674271707908 0.615658705430314 0.6267383609481249
257 0.5157743970136014 0.36715555111161846 0.49208871103378543
258 0.5533347499812923 0.5581137593360523 0.5371303184361343
259 0.36480877009961693 0.34368134675629625 0.3217679204687655
260 0.5396925337428776 0.6219309426127816 0.6618425430727997
261 0.3773601238074954 0.3472429999095905 0.2924479961235007
262 0.7959155513437688 0.6555369336404372 0.581680431703588
263 0.12271985707102473 0.1455671428902731 0.14759782497577198
264 0.6060001663451936 0.46832062586546375 0.47035280784554795
265 0.2386586409455459 0.30662414629315604 0.35405124155259343
266 0.42083749698698475 0.38593130012321775 0.37318915232124433
267 0.782410512383922 0.29580230923075007 0.2658093181792065
268 0.2736632498137543 0.06050274192697543 0.0629849212976458
269 0.5621103505220225 0.5875696649293531 0.5817574860320349
270 0.7292108948309965 0.7242883572138138 0.7286078567270633
271 0.3072069235960928 0.29359096632317955 0.3381003240614705
272 0.5147974949926958 0.45332932082945854 0.6009647140219062
273 0.7475835966469647 0.6391432210357882 0.543388025793673
274 0.15592070881352058 0.275161966399423 0.25925416502112775
275 0.36583958121845533 0.3376079892890486 0.31434540227125096
276 0.3528333086317311 0.3011595418981254 0.3220311189275928
277 0.7830522475277479 0.7419866047544491 0.7288812595993331
278 0.7653370695531383 0.7653370695531383 0.7653370695531383
279 0.2698691201270071 0.2330226721820273 0.16810173927869407
280 0.1774396464095266 0.17517722640752506 0.197039284532633
281 0.805182371314553 0.7426274583239677 0.7616870544254043
282 0.13344518466969746 0.38619018225599727 0.42814644378886885
283 0.8197607280244248 0.6193717215898644 0.5696324470701893
284 0.37756573701779833 0.3904955420749506 0.43574561242975085
285 0.8342266963291304 0.7981169403744625 0.7607526910672181
286 0.7620215174690032 0.4763828589699584 0.5008850546578523
287 0.6375135088258133 0.6558359477414758 0.6152177785400074
288 0.24056063791710172 0.17008638809078705 0.12947501208751513
289 0.7491748758286041 0.5799448244561223 0.5553818396597737
290 0.7280096196291573 0.1015453980584105 0.2175381715217788
291 0.7800609432744118 0.7557585017912198 0.7111241863243993
292 0.640163681102773 0.4616098453916985 0.3262969434089824
293 0.7367785484925252 0.7094204251295554 0.5263652067077562
294 0.30492903222656725 0.2678349240253374 0.2489394984730522
295 0.4213032059442397 0.40567528214417203 0.5307553938074246
296 0.5315840875848368 0.5771282362201651 0.5799255859743129
297 0.7680243641025961 0.7946337983778502 0.8201217635102278
298 0.2562646944185139 0.18700200959272895 0.16185965966470187
299 0.3894452194786075 0.3928971359381574 0.3876458621610853
300 0.4179237614891294 0.375904598082446 0.3044229775931414
301 0.4300754828402765 0.352117825991937 0.3729030207938408
302 0.7371862673515887 0.7269563001455931 0.2721572828427086
303 0.5377521275541707 0.5088977480307209 0.5099260380087253
304 0.6432357077840066 0.437868596110463 0.4018582383567977
305 0.422607114775192 0.3604139133230341 0.34668643996545495
306 0.5360958079387402 0.4128482820293744 0.43404649959086666
307 0.31521927937507793 0.2446978065451531 0.18152336616877046
308 0.27364114790259897 0.2742931819897615 0.39238604201647864
309 0.6447580767195439 0.4500223160190682 0.30515442215687655
310 0.6477926980771992 0.5797014007457963 0.4700285330281842
311 0.4152884033851172 0.4215908965582153 0.437967676920592
312 0.5020242605825953 0.47030685355852286 0.4597310197611127
313 0.1583415534867739 0.173485296035084 0.21132338661131816
314 0.28244667717562555 0.23468649603836508 0.19530313155202247
315 0.5758889046752476 0.588389878899743 0.5914760883126068
316 0.503560725361721 0.3655572341591523 0.22643692511426894
317 0.36270795798883826 0.30717536381796184 0.29194143334521544
318 0.419080692499001 0.406529898005662 0.40989850492777785
319 0.5562416681666211 0.45933738408507474 0.4327661667941707
320 0.18703434978471764 0.18860934939138346 0.18725945108399608
321 0.4176538913141042 0.3900261113184371 0.285039252853852
322 0.40227587347437793 0.45116580026554687 0.5434656542115158
323 0.27024487205647846 0.27130171914422907 0.20270169156285867
324 0.4268676353277501 0.3840446851419285 0.30749113311247417
325 0.4593690327491197 0.06539001707417563 0.06153844430842782
326 0.30064242939356384 0.322961578475693 0.3659666761294313
327 0.6253808498710849 0.5816681704874362 0.5661566642543928
328 0.6537177953091581 0.5585321631759088 0.562293324278364
329 0.8848269649868838 0.8560173944532391 0.8563937840440907
330 0.4349426109178682 0.4241007740821449 0.43292872474983896
331 0.7559041647226253 0.7583429413859529 0.8080994480858644
332 0.22089605487391054 0.3640103919829585 0.4768388759098972
333 0.5525860274220136 0.39695360740771135 0.3442507698030019
334 0.6047160640397434 0.5685560456506391 0.5487409628551513
335 0.8751782265297163 0.5474531715015337 0.5477671475300889
336 0.649831574229706 0.5660079834769899 0.5296196240393718
337 0.38703876515758845 0.3162743221218698 0.26660177101360166
338 0.45194641714564554 0.4221561113233643 0.3861101617899094
339 0.4779300190064339 0.081343290593469 0.08211715037809275
340 0.37805628151520254 0.2633851645016133 0.25586489742317897
341 0.37432860666175843 0.36038588189888243 0.35103748340480984
342 0.012203163645833627 0.03955706700182561 0.08538555713957537
343 0.3691897287666944 0.2589546866570449 0.3188078684683291
344 0.777004743806988 0.732937982791856 0.7453826571383476
345 0.5971234517948004 0.4786904870361757 0.48293840832652923
346 0.5102869269852359 0.35831376896165773 0.2276556907473238
347 0.4061621843195841 0.3079930544268457 0.27277694875535546
348 0.7762616115085933 0.20529030993294958 0.20083937756397893
349 0.6954496131215251 0.5982177860322111 0.5363138224137287
350 0.38149408475528696 0.3087516131549926 0.28106145983734443
351 0.6089187046196647 0.5581758650786094 0.5585317553011085
352 0.357717057551859 0.3310925350980673 0.33812907942684906
353 0.1508501330458329 0.3729940872099002 0.41927884469346893
354 0.49863722077156936 0.4951524424282388 0.44417713962206673
355 0.2593485080413559 0.2747478395522572 0.282063281459936
356 0.8122377565594288 0.4525268790887816 0.2137853853057118
357 0.5221978462041954 0.4214638339141682 0.40835580806827687
358 0.6985569650690135 0.6764232611347882 0.6555789800387316
359 0.7344675421344903 0.730343370048003 0.7309839114903339
360 0.4720191711207015 0.5588144051171685 0.6100544919182713
361 0.49568972258724575 0.5369825808520954 0.5552632947543199
362 0.6695254141003885 0.681097863775979 0.6936842580304042
363 0.6837269816949707 0.6836335266448746 0.6943777449007728
364 0.40320360394010835 0.3989057956498843 0.41253643281072705
365 0.21458768544567924 0.26815689499686807 0.35334727165853536
366 0.32856749841421223 0.5015537319719304 0.5531195440140108
367 0.6768212736025185 0.5914510840754482 0.4429479613288245
368 0.4190291473662853 0.4218910141034797 0.40134393900770693
369 0.6222523215502086 0.5999432803699438 0.5307416895973349
370 0.2773084374067316 0.37212858767661466 0.4509740712938681
371 0.3165595170888598 0.3953307355672516 0.38546491743049205
372 0.727043693495499 0.6609784242686835 0.5787324776601791
374 0.5938653456404759 0.5899372952481527 0.5880718953250103
375 0.20476044729068044 0.1075507974856952 0.12297884824905568
376 0.9713429524788106 0.9337086626558269 0.9326446103472155
377 0.6415666234341466 0.6407949324830517 0.6055367146834986
378 0.34981690221412926 0.34163507087307543 0.337839798969584
379 0.9037086403608141 0.8302764750395862 0.532871711883183
380 0.9107341659193858 0.917952422378295 0.929993772298346
381 0.743435595322903 0.7670296507467528 0.5659474582599503
382 0.5259788076275549 0.5061494386909089 0.5378918677863991
383 0.16463199309315735 0.26121169271508077 0.5093780063753616
384 0.7946968903856686 0.7965050344422471 0.7952041637765634
385 0.7562092923912639 0.766496814324659 0.7957927199076815
386 0.6326207425964211 0.6708335714437497 0.655820128800979
387 0.4617335553516755 0.3709824574918166 0.36344819231689063
388 0.6508350217172056 0.49553468645456433 0.48178792534458637
390 0.7550760231876541 0.724886893841479 0.6581300148073602
391 0.24571842317789963 0.22356071201556224 0.193489726221689
392 0.35739790167709173 0.3795364846278689 0.40258745191900325
393 0.6347933521207813 0.5448376172579428 0.48154471195109877
394 0.6597628952755636 0.6764796176506148 0.6969806242957326
395 0.415554796540781 0.37561896908958936 0.34079781727578884
396 0.7121247694178575 0.5960048839319756 0.5846991535709744
397 0.5598050617132434 0.5468036105977314 0.5331455539782994
398 0.5870028127629082 0.3577707651842918 0.3206896927305022
399 0.701161069557539 0.44915963544902615 0.26155197446496437
400 0.16046892062315382 0.15817346026365603 0.18496491805166282
401 0.5896977101925943 0.415959714103166 0.390513002810241
402 0.3497059739487938 0.33314099893856436 0.282429404653563
403 0.7723602608961825 0.7656191781285149 0.7513676143722247
404 0.25962626884014495 0.13505886685999197 0.14602694234668548
405 0.3492675734717078 0.27740302383607207 0.2086805887844786
406 0.30329978163864396 0.14790981691898863 0.17424496934256561
407 0.27690151625412673 0.2664130526135559 0.2592422229493658
408 0.8140546708426942 0.8127368658822615 0.8032635238979732
409 0.27005196348771937 0.34941166540983043 0.40004069975085593
410 0.5143241800817264 0.5093739080559929 0.5300723002903346
411 0.7414179840303436 0.7325661100337505 0.700356935138965
412 0.40454545987304813 0.37614358674988424 0.3629001220468805
413 0.6392622370189249 0.6392622370189249 0.6392622370189249
414 0.48742096269072066 0.458469784829915 0.41779698187352393
415 0.553078105438296 0.45010469557174937 0.4189925014116423
416 0.5121612909351586 0.3992482040799093 0.3699295204998752
417 0.49971901246972483 0.3794388264818562 0.28635749892743695
418 0.28263147987703957 0.3575563759497234 0.36128202690721223
419 0.78908404214961 0.7213236694985923 0.6227403092126526
420 0.3114301626500596 0.2756900176884687 0.2969617855539125
421 0.5603452553477845 0.6191105830693494 0.5991916658844355
422 0.11343958498845037 0.1296512913081361 0.14257366885607894
423 0.6869728831523875 0.5654753783923334 0.4165055903136168
424 0.24954516049114367 0.3389080103555625 0.38714040135459765
425 0.7594518982289229 0.7546529649010524 0.755639286399059
426 0.10999348342129997 0.11019353332268497 0.11523068788811858
427 0.26797792976443674 0.21371339542978596 0.18916470026161303
428 0.5561751766572073 0.5561751766572073 0.5561751766572073
429 0.37450068890677 0.3282650022122242 0.2621331758434934
430 0.293132272205661 0.27290123757758855 0.4080623625626311
431 0.6565083968483997 0.6874620269173315 0.7176577058839855
432 0.39278270179785313 0.3447863003095065 0.12073784599752829
433 0.21214895319095228 0.2011278987275521 0.21459227156933822
434 0.21729454517183153 0.15848281914934126 0.09964491932005014
435 0.5846214234846964 0.402942328006239 0.39329592985220846
436 0.11686321498045835 0.11706181952231716 0.12210791318151402
437 0.22746186066377722 0.42558913050232655 0.4736039509348163
438 0.39336484325946264 0.39336484325946264 0.39336484325946264
439 0.5927904980412865 0.5679782269410227 0.5619974271796659
440 0.711369195265532 0.6838734930664985 0.6465213675001978
441 0.47601247355070403 0.5084693642706556 0.5681626045261268
442 0.8732393281662384 0.8472531290618923 0.85518722508994
443 0.6112470157764467 0.5482388235100684 0.5138338790657581
444 0.2592874673537686 0.242666756435026 0.259076188140075
445 0.7650710044987481 0.7641568083192483 0.7561457027508169
446 0.38208892009407003 0.40485768914657616 0.4407369792769599
447 0.451185688754544 0.37825655705010386 0.29130293016781567
448 0.637220464936062 0.6711465482783205 0.7578758509261647
449 0.6756667462869443 0.6962096338900724 0.7525517144502347
450 0.886492088757809 0.8037184013046961 0.7209925413159591
451 0.18506110317783805 0.35328675374120233 0.27944684984723456
452 0.5183043251366857 0.6743865507193948 0.835513451264314
453 0.16499704101571522 0.18911924722002205 0.18673321785035216
454 0.4135697765351858 0.12261877524334025 0.1789635776550804
455 0.14031232118851517 0.06305620301769227 0.0639757166312811
456 0.38406354397849624 0.28836091309607814 0.2503250667150661
457 0.2579843906993815 0.18851280394663464 0.1930853954835128
458 0.6555226834550538 0.6413668119503405 0.6184456241445008
459 0.5329002203741507 0.5619651636556742 0.5900202288111197
460 0.18815253756191272 0.2103431083808655 0.2288889495374122
461 0.8840181288859279 0.845418917345261 0.834895109814473
462 0.6227475324358449 0.6089503627339269 0.6139545968471982
463 0.30572878509199014 0.426531744328195 0.36770020211781335
464 0.22811078376498684 0.2604701675138497 0.2347642125389183
465 0.6989573086202924 0.6830627047893227 0.661330883435053
466 0.5761618634607051 0.5119170296914809 0.5420361677390676
467 0.6180925734223183 0.6218804102576724 0.6299663477095055
468 0.6712165388817214 0.6810467132804281 0.6976501233948795
469 0.6452191961920162 0.6473797295373233 0.660908390855598
470 0.8169908994850058 0.6225245496480869 0.5384724081555399
471 0.4463808254524753 0.4160235907837211 0.4155272319025214
472 0.6656421244184713 0.6366062658277897 0.4541054126059961
473 0.39240189544659676 0.3445652513153484 0.3889636590674352
474 0.7115054281919853 0.6329972562980366 0.573121340861238
475 0.13239944324663264 0.11975447578757617 0.13416981375549167
476 0.7597281197241391 0.7410744497172664 0.7380788196706123
477 0.1830739162167636 0.2521878065550639 0.31724054172689065
478 0.4460374527973439 0.4208289502419296 0.4205355984541691
479 0.6857372226234195 0.4824037263022328 0.44165548348619876
480 0.3031762560752705 0.3920498986838746 0.49707687968396086
481 0.3527734413792872 0.3161565952729121 0.3328185483846315
482 0.27013781667107906 0.1562502779868581 0.18040798295226804
483 0.3338578400752225 0.18130948871537922 0.08575354416364526
484 0.8519254301641797 0.8475989814355142 0.8366699076821161
485 0.6184077887349985 0.5887676952403667 0.5349852922078129
486 0.5291701778130974 0.4244444818742857 0.3571809192235236
487 0.4140960831102357 0.34217149136104535 0.19251101328550976
488 0.4596446603065771 0.47177968580950974 0.48484975472916675
489 0.7877667875922376 0.7436518327561176 0.6749210381127809
490 0.8330723461291533 0.8202960390917582 0.8046958204714478
491 0.6901699463180309 0.4542818191559152 0.39844986870752047
492 0.31108718121479007 0.34663336258160893 0.4294716194900684
493 0.34665613089204395 0.26331143149764114 0.24216453301393662
494 0.9066098398304984 0.9069263648873959 0.9073028790412445
495 0.39866279017396955 0.35233128045796064 0.29966849928533
496 0.708090492899034 0.6022248811953707 0.5916535095238977
497 0.69936312771563 0.6490992239424541 0.6021651883124571
498 0.21720647355347664 0.21845384539579552 0.16264929927875404
499 0.4306955631891746 0.48203930424268226 0.5101947648917512
500 0.6961635444441032 0.569983964705697 0.38834150441409127
501 0.42166294001569593 0.34897363662333847 0.09178542529869738
502 0.7755163555226495 0.7707176735771303 0.7245082722896439
503 0.13299260126469248 0.12595092569788388 0.06548915364763551
504 0.39866585218466233 0.37718324244418794 0.33731653353825136
505 0.5199810526889505 0.4040121783725585 0.34014322967326904
506 0.6196899043404985 0.5378488688404988 0.4271356328007061
507 0.7463778229171509 0.7464962119812562 0.749479353880511
508 0.6442609489533071 0.6185789675320584 0.5615491049244338
509 0.19044340807918178 0.23030096096977212 0.2662648702703207
510 0.22607571500393794 0.16230459643371611 0.17440095860021942
511 0.6301693150372311 0.6009365356724876 0.4700477723557896
512 0.3841189459232098 0.3947800903817018 0.4701210465863557
513 0.5235063655375254 0.5388001326422213 0.5109250470216447
514 0.34185800036893693 0.2798315538008184 0.28100524128713633
515 0.853045562747646 0.874238938823257 0.8598002571782111
516 0.33995585906276204 0.377867806805251 0.3099738333319863
517 0.5867682621210843 0.5642392335834275 0.5151433915715692
518 0.5851350816283784 0.3819163898674548 0.33809555873811864
519 0.7605138224122673 0.5748043833681606 0.32826634895654533
520 0.5681162263260605 0.5689485164713324 0.5631241163589102
521 0.24081340586384842 0.183083086403579 0.16105917988675045
522 0.27466816680371 0.3019465774248409 0.3087588145809655
523 0.42507314121409134 0.5314511175871544 0.4910808844267482
524 0.37652488767949716 0.1558864788346373 0.23933534121921135
525 0.13625949582370722 0.15098902850737894 0.1687763982728302
526 0.5984887707679382 0.5178237808374607 0.5250846479682085
527 0.2267992604526937 0.2263929383610872 0.4034022068037985
528 0.7122869134868576 0.6471670588027223 0.6044462496415515
529 0.05793083272521286 0.03100280975430597 0.02957293072485337
530 0.06382937457064161 0.06822761445360381 0.08247116852075971
531 0.5574095589541258 0.565583568158054 0.5593034074231038
532 0.294673885492073 0.3804572678399046 0.4478210257651384
533 0.7614141491958241 0.726108294681169 0.7139700934060268
534 0.547228957079126 0.6143874621364556 0.6139141175478897
535 0.7289220962364095 0.7017749037767573 0.6757688204946081
536 0.7206197471680954 0.6838980656508146 0.5979508885604496
537 0.6475445417547546 0.635966180370391 0.6302944252734966
538 0.16558823176868903 0.2551534145836778 0.288018400862868
539 0.3388126118166644 0.3149631883776132 0.15689243392414776
540 0.15966309896664443 0.12968646440409826 0.1091678334627909
541 0.27849991859213724 0.3243719101214345 0.3201051727213335
542 0.34853365900892513 0.32717440010621773 0.27337936993825496
543 0.35838422391906166 0.33113572287838905 0.3158331785874137
544 0.15429876243813612 0.16227723261557778 0.140747170272869
545 0.8722446270886293 0.5530517242391515 0.26264126879006316
546 0.5041623129209343 0.4658958586609151 0.3948976815997074
547 0.4225964396007868 0.32661013867120325 0.30969477763052594
548 0.5144714871436704 0.3269305898288832 0.2417890432026251
549 0.20310157648398186 0.12344238672710328 0.3410723749197203
550 0.2828269463537165 0.29142081434732947 0.33734140195264156
551 0.6856632069547569 0.5268883817543544 0.17584022675634725
552 0.4047551540645708 0.3886196066967217 0.3815011931440988
553 0.34408150220275163 0.22936627811140609 0.1904968113360039
554 0.6271875507498647 0.6270164090778515 0.5672077780447351
555 0.35458688490950907 0.2541085683421959 0.14105425085374076
556 0.7381375794729151 0.6868974249158202 0.4844889415721304
557 0.5136764039879399 0.5089530312530782 0.5294820878271405
558 0.6582469804316532 0.17111870016869424 0.17193884534859707
559 0.2326285792165536 0.30981923147167395 0.34898962156873786
560 0.3730108713538973 0.310791361510214 0.2523842584643073
561 0.581893317874948 0.5090971204735663 0.42063521146098193
562 0.20183760804209477 0.2202230531234132 0.2096391745840616
563 0.3473795213128269 0.2023808615559042 0.16314183274634467
564 0.5608234982707744 0.566585665154492 0.5425749191907162
565 0.2659970624821943 0.3631197177584901 0.2823629590200803
566 0.45872940957738884 0.506300188361153 0.5230338566975802
567 0.8746748019709005 0.8683781072315057 0.8708094472470712
568 0.33180096532705716 0.27013309981968175 0.2194528121374311
569 0.5280218389505116 0.406238016662797 0.3511989256851785
570 0.3233024292787789 0.19217319745681588 0.2031461791907222
571 0.6530088927589965 0.6589874449847798 0.6280102856402798
572 0.6100989552511195 0.3489232051608488 0.17172720006130862
573 0.7225593396285349 0.6687677695953063 0.6190441995699226
574 0.12956644718157084 0.09832703689849666 0.14851486919764895
575 0.5852161894554356 0.5636014362303663 0.5242536262547728
576 0.15204324776994252 0.19963346853676966 0.21300020589503615
577 0.7231963315977497 0.6494405816104493 0.6472325208445976
578 0.5951618484123568 0.5778855811119064 0.5410035967294845
579 0.5507290919511966 0.4923843136632003 0.469861696082252
580 0.6040905308758087 0.46057748068731375 0.30272853965669655
581 0.89575210495098 0.8585720173644257 0.8321875648143967
582 0.3107644208002474 0.26084334288588934 0.24285181755395469
583 0.4304808127321057 0.3025702097669648 0.2727635043659452
584 0.369087920548279 0.33371402798070815 0.46703806457547803
585 0.6480168180917724 0.47157384522696366 0.5512888081703268
586 0.8807697053025785 0.8483794861582895 0.7868228623351892
587 0.4067071242191817 0.34533852552919914 0.2691746017864194
588 0.7558085869512715 0.7485843464951144 0.7411306802294413
589 0.17272766184186528 0.20817210191241362 0.18786066243038788
590 0.302057863104746 0.15417275283640175 0.06174413258697064
591 0.5927361156984439 0.563850071566712 0.4714494808892456
592 0.21513550285841754 0.17632452500777748 0.17650335151045451
593 0.5830016629010715 0.42129000296102903 0.40466150694198355
594 0.21513550285841754 0.17632452500777748 0.17650335151045451
595 0.5830016629010715 0.42129000296102903 0.40466150694198355
596 0.5953811934798489 0.19226715297966196 0.20716578376494402
597 0.22896091206607966 0.28376281987066976 0.28020827610229315
598 0.23614227600439974 0.2567556692318565 0.35050354807212103
599 0.5173863745118962 0.42146429024731713 0.3214244910801849
600 0.5429301172644228 0.5212946600879733 0.49277679732381574
601 0.6075018676758738 0.4888663431519971 0.42041472069115615
602 0.3583651785414884 0.34965119899823666 0.34593710480952145
603 0.6539619717623636 0.6527736069257133 0.6407823211881094
604 0.4065797435730902 0.3906867824918798 0.40125183962138816
605 0.6011406566827512 0.5043705642882916 0.2767486740608881
606 0.5348845659495726 0.5645911507885931 0.6615674830956245
607 0.5426633423709063 0.5278868797949418 0.46929619269804335
608 0.5392371367663004 0.34851210663963605 0.2516143749487807
609 0.6589224947744515 0.6552058893471622 0.6696450744132199
610 0.1990810945549697 0.23080880476675666 0.2593488717981654
611 0.16495356760333033 0.29214275491625336 0.273738704782759
612 0.1843845432369434 0.17935945593571356 0.2140068838498558
613 0.23122516246384772 0.18395130138931906 0.2632323426844268
614 0.4912296534450392 0.4454554243238083 0.41358387780096106
615 0.3598248225240829 0.501611539268418 0.5393101685217423
616 0.10753962126269616 0.06594043175381643 0.04830090981044736
617 0.33785707122435793 0.38810300471299125 0.4032259033572055
618 0.4006422630491398 0.3585879763581683 0.42972703941251966
619 0.4237860069510635 0.4819889175515278 0.4625809086098293
620 0.6541917608679786 0.6537647100491791 0.6526407724438578
621 0.21159374958830435 0.17785546413842446 0.19679607269515975
622 0.5341230019717403 0.4309723425002982 0.32300243161568065
623 0.5333770318927579 0.3636018314790329 0.21204369574155343
624 0.3475113225358035 0.30016350915402057 0.26417702485839867
625 0.5569137234074193 0.46314464989516546 0.4572013369157005
626 0.49935038481196636 0.3681017840012522 0.34818560906670837
627 0.6624480781505899 0.3368814473023097 0.6018884467410585
628 0.3380593269242373 0.2705920936286097 0.19822572214901366
629 0.3700937679435022 0.28287612922833416 0.3236003153786035
630 0.36189401717257613 0.3326386693076053 0.25494808672600533
631 0.5382518748489453 0.4547044462352011 0.42488472430507757
632 0.5041788812897331 0.4622671268936572 0.4711727744652289
633 0.3956937864150381 0.38668514104264934 0.37254973892760346
634 0.31666908036063757 0.2569628284678629 0.30189350004233445
635 0.3528245992960839 0.4402312455220102 0.41257305039271036
636 0.49717078363046285 0.36506658096176103 0.6324370299817107
637 0.25925621581624664 0.29165038624560363 0.34540062191168425
638 0.3779601142619601 0.48510204916946253 0.5619436107686041
639 0.29963791145452245 0.24427784406606576 0.22770749163289578
640 0.21960199224082547 0.15668224959675425 0.11592843547345097
641 0.3872031874773682 0.31275005782481 0.3079021287962544
642 0.24930068721104037 0.21076967090633814 0.2125185123057324
643 0.3177103223057508 0.27765267367792823 0.26651116076888354
644 0.45026160004354243 0.302328698765312 0.17959599449889388
645 0.2668506671060614 0.3500684762325951 0.3639014866157887
646 0.2866661391650289 0.29672436746653913 0.3579776294542377
647 0.39077856230127866 0.6109808101449941 0.6559414351914159
648 0.2468639575733617 0.2321495067786368 0.26668250253255266
649 0.37597100559057334 0.27813579356088486 0.24263534446925883
650 0.24973698079308557 0.2815569870158478 0.28417376159373103
651 0.5963152848328351 0.5542843384463595 0.5302135332456337
652 0.5506021192103872 0.4952087843054251 0.47500243162514355
653 0.23883379492125548 0.2457151889339873 0.3027250116144009
654 0.303492003307825 0.32953824751272043 0.3029429099918752
655 0.3612236292405629 0.3473042248296565 0.3532704084730743
656 0.264040303466454 0.20720523917025596 0.383915024156227
657 0.18665068963913298 0.2049422369596241 0.24747038871375565
658 0.2835328323532411 0.23997642134562458 0.2502319652086564
659 0.4655824887918969 0.5091427347594961 0.5045059295152263
660 0.523021412557957 0.3412991634326763 0.23292627638960714
661 0.7289297884715692 0.6517029716599412 0.48061509260575513
662 0.5201153224162457 0.5270126074968334 0.5533179981586799
663 0.7068067270789822 0.31219225636275466 0.25231694471053845
664 0.4413743713470174 0.32649715395102247 0.25962816030859914
665 0.27112721546743146 0.2572039810119043 0.23801206521595722
666 0.24393962245260337 0.14519026091606577 0.2733927914887325
667 0.46695248374162235 0.46695248374162235 0.46695248374162235
668 0.41086780829230923 0.23210102699690086 0.18513736962654823
669 0.3043671522419684 0.1141104316671905 0.07291229688090152
670 0.6868024520776235 0.5573377904227353 0.4570657495842995
671 0.41968694058058 0.1748199144042124 0.108814525645481
672 0.6775608084694917 0.5496000567459778 0.31056480965640626
673 0.37886979247662056 0.2409921139427029 0.17959677566153218
674 0.34296621154462986 0.2535459119677901 0.14369195027790424
675 0.27815944029546164 0.3085607521757502 0.3265508437793643
676 0.2824546852142101 0.2643687226283074 0.3201125665629729
677 0.6437818944111935 0.5616641367194289 0.3943666797444173
678 0.2982327534315644 0.2098169459071159 0.13427935938914443
679 0.7060193406451097 0.6925512911731753 0.6351126139322087
680 0.21648042708579032 0.17754343778183032 0.1272292203331397
681 0.4050407192340975 0.3755283279046575 0.38015933464845897
682 0.106089130014837 0.1317758972614417 0.17320434262585124
683 0.19420121984007355 0.22314449632643973 0.21751188071436905
684 0.39082376061150376 0.2927757891078562 0.2853381159064271
685 0.7788098984254449 0.6013268805803474 0.5154320542035509
686 0.16315671959621086 0.25969305673830695 0.3417141614525128
687 0.1702596273874879 0.32916166037105293 0.3433538540383822
688 0.6963218133764377 0.5124779518575759 0.3767656632613176
689 0.2916436718765947 0.4107403979196174 0.39476813511471653
690 0.7732118067097103 0.7253807021278014 0.34744548812138354
691 0.16111355866647648 0.28522697572273226 0.36395440730585404
692 0.48612107120632586 0.3337084271630633 0.28254194602866345
693 0.4246477624248169 0.38959815531213304 0.38109728417331107
694 0.16705857041566616 0.32476153859576373 0.46890056392049123
695 0.47301496910792773 0.3764001639263359 0.24585625240383566
696 0.1344877840538602 0.23691729682600532 0.20999940915048992
697 0.23607382024160548 0.28371323854575636 0.33918947616860634
698 0.37392470168360614 0.3739168029658224 0.3739195354477274
699 0.15075156050338592 0.14454936925596668 0.14946155722002646
700 0.41975007246650364 0.3814917088936885 0.5237170931122452
701 0.3863405136311569 0.4069389836383288 0.41881648748738187
702 0.45069437705689147 0.48109921629775815 0.5159140583401665
703 0.27273381402266744 0.22817792235938056 0.2478681659660753
704 0.5370963269463183 0.5050135625897022 0.5081139061390978
705 0.37601284383160793 0.35731873408726156 0.3024445470103426
706 0.40050814319981654 0.375909625067905 0.35431264636743937
707 0.4812977336962441 0.5335648368128697 0.646203968108104
708 0.475836099605892 0.43609087272619784 0.44676224580752266
709 0.7152603381871582 0.6002378145879959 0.5957619246482537
710 0.34421415626992075 0.21269275747373093 0.18249601523122042
711 0.4617066276038316 0.24654908210959547 0.1348323491499913
712 0.6933592771447479 0.6943676754022472 0.6760209717046917
713 0.41575908419756136 0.41844205712068766 0.39824567395365995
714 0.24953426053187164 0.1890989934761341 0.2112147893893677
715 0.3259755118729961 0.43285078097070656 0.4001203253965901
716 0.3192040102412012 0.33219054703381456 0.285038423972479
717 0.8882123200228185 0.8785235200814728 0.8320460868024939
718 0.4335684899216211 0.49787892352770485 0.4579382113279407
719 0.3000114156342448 0.2784558051525382 0.26594558363002624
720 0.35553481763780376 0.2180563146011625 0.12610507036397464
721 0.6896076339824178 0.568617355071194 0.5466192275532605
722 0.32555051194543216 0.3947047851617212 0.47958653441899485
723 0.45166475552905205 0.3431992759805261 0.43787567200850996
724 0.48063622524235033 0.4792148826703565 0.3145387448890067
725 0.267178329975304 0.2342230670495883 0.18020521008408344
726 0.3493934207209477 0.3499473493578696 0.44094941951689876
727 0.13191807260685173 0.13023200334490934 0.13065167573172806
728 0.6206138118928956 0.560185090404046 0.2413733525195942
729 0.614032197056118 0.35962694831297604 0.23157116534593167
730 0.7089521681435198 0.7092503359943257 0.708389977560885
731 0.6119712578375445 0.5407754760635695 0.4909408014383184
732 0.16328547245038758 0.20626544270473846 0.25195395377902097
733 0.14966255736717876 0.1990427701809553 0.25264981397617536
734 0.48221882893234835 0.4629627388982118 0.44974197212391875
